1 74
2 74
3 21
4 31
5 81
6 55
7 40
8 51
9 8
10 63
11 30
12 10
13 62
14 62
15 69
16 6
17 44
18 49
19 21
20 27
21 54
22 93
23 64
24 69
25 12
26 32
27 43
28 49
29 50
30 61
31 9
32 78
33 55
34 15
35 98
36 82
37 15
38 10
39 20
40 94
41 60
42 26
43 74
44 99
45 11
46 84
47 29
48 81
49 29
50 99
51 79
52 65
53 52
54 72
55 4
56 28
57 57
58 27
59 65
60 60
61 95
62 86
63 17
64 8
65 57
66 83
67 51
68 60
69 54
70 43
71 13
72 29
73 94
74 86
75 38
76 47
77 6
78 18
79 35
80 10
81 89
82 39
83 68
84 80
85 1
86 100
87 83
88 90
89 97
90 57
91 42
92 100
93 25
94 34
95 17
96 70
97 80
98 45
99 20
100 40
101 43
102 19
103 3
104 94
105 22
106 75
107 65
108 43
109 8
110 64
111 70
112 81
113 28
114 14
115 99
116 59
117 54
118 25
119 25
120 39
121 45
122 34
123 39
124 85
125 95
126 11
127 74
128 40
129 92
130 78
131 6
132 47
133 49
134 98
135 73
136 40
137 68
138 86
139 68
140 83
141 40
142 14
143 64
144 15
145 38
146 75
147 1
148 15
149 3
150 47
151 85
152 91
153 42
154 91
155 14
156 72
157 26
158 91
159 53
160 30
161 49
162 8
163 32
164 25
165 88
166 44
167 37
168 20
169 52
170 54
171 81
172 47
173 90
174 16
175 51
176 95
177 63
178 87
179 65
180 24
181 23
182 82
183 33
184 62
185 2
186 55
187 45
188 69
189 5
190 20
191 57
192 80
193 31
194 86
195 11
196 82
197 26
198 72
199 93
200 24
201 30
202 39
203 31
204 70
205 56
206 33
207 20
208 40
209 75
210 1
211 27
212 89
213 54
214 50
215 23
216 1
217 67
218 83
219 79
220 52
221 93
222 51
223 72
224 42
225 30
226 25
227 85
228 9
229 20
230 36
231 46
232 46
233 98
234 10
235 14
236 45
237 75
238 59
239 83
240 92
241 66
242 45
243 71
244 59
245 49
246 78
247 36
248 22
249 7
250 22
251 85
252 64
253 50
254 72
255 24
256 37
257 98
258 80
259 20
260 18
261 93
262 55
263 8
264 8
265 8
266 78
267 75
268 39
269 22
270 52
271 99
272 19
273 16
274 60
275 25
276 18
277 48
278 36
279 67
280 43
281 76
282 9
283 66
284 70
285 75
286 39
287 95
288 8
289 100
290 64
291 27
292 71
293 2
294 20
295 98
296 52
297 56
298 100
299 25
300 66
301 18
302 5
303 66
304 99
305 85
306 9
307 22
308 73
309 74
310 50
311 82
312 23
313 68
314 79
315 86
316 29
317 13
318 35
319 57
320 95
321 86
322 91
323 91
324 14
325 90
326 56
327 30
328 41
329 34
330 59
331 64
332 11
333 2
334 59
335 46
336 17
337 25
338 81
339 45
340 17
341 3
342 81
343 15
344 50
345 25
346 48
347 49
348 2
349 51
350 62
351 24
352 54
353 1
354 80
355 79
356 40
357 7
358 56
359 14
360 84
361 30
362 88
363 41
364 69
365 36
366 8
367 84
368 90
369 93
370 35
371 91
372 97
373 60
374 6
375 35
376 40
377 49
378 45
379 96
380 9
381 29
382 59
383 50
384 49
385 81
386 41
387 91
388 84
389 49
390 10
391 15
392 67
393 20
394 46
395 78
396 26
397 12
398 73
399 7
400 9
401 71
402 59
403 91
404 42
405 89
406 79
407 66
408 82
409 62
410 85
411 5
412 2
413 49
414 61
415 8
416 44
417 74
418 78
419 3
420 99
421 61
422 23
423 100
424 55
425 40
426 9
427 65
428 3
429 87
430 74
431 89
432 50
433 72
434 42
435 17
436 60
437 89
438 25
439 47
440 30
441 71
442 37
443 51
444 80
445 40
446 90
447 66
448 56
449 1
450 19
451 52
452 21
453 22
454 23
455 87
456 65
457 14
458 2
459 82
460 15
461 20
462 51
463 40
464 65
465 88
466 59
467 57
468 43
469 85
470 60
471 43
472 14
473 27
474 24
475 31
476 100
477 40
478 64
479 92
480 15
481 92
482 21
483 61
484 57
485 37
486 54
487 26
488 84
489 2
490 96
491 91
492 15
493 52
494 31
495 33
496 38
497 96
498 51
499 31
500 26
501 60
502 68
503 99
504 37
505 56
506 22
507 91
508 61
509 9
510 12
511 53
512 91
513 20
514 40
515 2
516 60
517 2
518 56
519 86
520 20
521 97
522 100
523 98
524 67
525 79
526 32
527 32
528 61
529 90
530 37
531 84
532 30
533 31
534 36
535 56
536 83
537 13
538 52
539 18
540 12
541 26
542 54
543 94
544 67
545 54
546 22
547 3
548 46
549 40
550 40
551 31
552 69
553 13
554 13
555 90
556 43
557 100
558 73
559 33
560 83
561 44
562 18
563 91
564 90
565 65
566 82
567 49
568 28
569 5
570 9
571 44
572 25
573 8
574 10
575 71
576 79
577 96
578 41
579 97
580 30
581 68
582 100
583 80
584 75
585 11
586 83
587 40
588 70
589 40
590 9
591 79
592 83
593 64
594 8
595 65
596 63
597 7
598 45
599 53
600 49
601 78
602 82
603 98
604 31
605 19
606 60
607 44
608 63
609 12
610 25
611 3
612 41
613 97
614 3
615 83
616 95
617 59
618 11
619 46
620 89
621 34
622 46
623 59
624 60
625 51
626 54
627 72
628 93
629 53
630 48
631 7
632 84
633 71
634 74
635 79
636 40
637 54
638 68
639 89
640 20
641 28
642 29
643 17
644 51
645 55
646 32
647 70
648 75
649 86
650 64
651 70
652 99
653 26
654 6
655 81
656 52
657 6
658 93
659 90
660 36
661 13
662 13
663 84
664 11
665 52
666 49
667 39
668 97
669 93
670 98
671 73
672 12
673 82
674 17
675 68
676 47
677 79
678 8
679 54
680 49
681 74
682 43
683 76
684 89
685 42
686 74
687 1
688 67
689 64
690 40
691 82
692 47
693 86
694 62
695 8
696 49
697 49
698 36
699 62
700 5
701 65
702 5
703 33
704 1
705 36
706 90
707 35
708 2
709 57
710 64
711 30
712 4
713 93
714 3
715 10
716 43
717 15
718 18
719 6
720 83
721 44
722 16
723 9
724 86
725 74
726 32
727 98
728 46
729 70
730 14
731 21
732 66
733 45
734 23
735 33
736 26
737 40
738 99
739 50
740 47
741 80
742 74
743 60
744 92
745 17
746 28
747 34
748 24
749 12
750 18
751 6
752 33
753 40
754 11
755 22
756 71
757 89
758 95
759 100
760 46
761 39
762 96
763 27
764 20
765 34
766 10
767 13
768 47
769 12
770 65
771 85
772 96
773 69
774 71
775 54
776 41
777 40
778 67
779 59
780 1
781 82
782 74
783 3
784 10
785 98
786 76
787 65
788 12
789 36
790 99
791 84
792 61
793 32
794 45
795 56
796 49
797 20
798 8
799 68
800 84
801 70
802 55
803 37
804 58
805 95
806 55
807 53
808 44
809 16
810 55
811 58
812 46
813 8
814 22
815 29
816 13
817 96
818 56
819 82
820 38
821 59
822 64
823 99
824 8
825 5
826 93
827 17
828 91
829 6
830 47
831 87
832 46
833 21
834 37
835 1
836 72
837 79
838 26
839 49
840 39
841 7
842 61
843 45
844 6
845 59
846 42
847 86
848 18
849 21
850 14
851 26
852 4
853 9
854 10
855 28
856 89
857 86
858 93
859 88
860 22
861 45
862 72
863 94
864 23
865 20
866 4
867 33
868 4
869 33
870 28
871 45
872 40
873 59
874 72
875 46
876 74
877 66
878 5
879 13
880 17
881 84
882 71
883 76
884 91
885 3
886 61
887 5
888 22
889 11
890 20
891 72
892 20
893 68
894 15
895 17
896 89
897 73
898 24
899 14
900 95
901 28
902 96
903 67
904 94
905 14
906 96
907 65
908 30
909 11
910 21
911 81
912 66
913 95
914 10
915 44
916 39
917 36
918 24
919 36
920 30
921 60
922 3
923 38
924 79
925 31
926 28
927 4
928 11
929 43
930 55
931 75
932 1
933 16
934 48
935 69
936 89
937 23
938 2
939 36
940 1
941 34
942 76
943 79
944 34
945 5
946 83
947 54
948 15
949 29
950 97
951 78
952 25
953 9
954 57
955 96
956 3
957 8
958 27
959 66
960 17
961 98
962 3
963 12
964 77
965 70
966 46
967 76
968 97
969 33
970 38
971 49
972 80
973 12
974 72
975 34
976 75
977 86
978 35
979 63
980 32
981 45
982 94
983 71
984 63
985 11
986 55
987 73
988 66
989 88
990 84
991 24
992 27
993 17
994 72
995 89
996 44
997 21
998 12
999 76
1000 50
1001 86
1002 22
1003 99
1004 99
1005 53
1006 3
1007 8
1008 91
1009 62
1010 33
1011 30
1012 78
1013 89
1014 57
1015 82
1016 25
1017 100
1018 99
1019 81
1020 82
1021 34
1022 95
1023 18
1024 81
1025 50
1026 69
1027 71
1028 97
1029 18
1030 20
1031 56
1032 33
1033 77
1034 20
1035 42
1036 45
1037 100
1038 30
1039 75
1040 81
1041 24
1042 61
1043 56
1044 60
1045 12
1046 92
1047 97
1048 17
1049 29
1050 56
1051 84
1052 11
1053 39
1054 75
1055 88
1056 52
1057 4
1058 54
1059 77
1060 29
1061 5
1062 39
1063 81
1064 72
1065 29
1066 48
1067 95
1068 11
1069 65
1070 53
1071 8
1072 45
1073 54
1074 72
1075 3
1076 19
1077 59
1078 20
1079 30
1080 77
1081 86
1082 75
1083 83
1084 62
1085 50
1086 90
1087 5
1088 70
1089 7
1090 87
1091 35
1092 96
1093 81
1094 61
1095 63
1096 9
1097 88
1098 53
1099 85
1100 56
1101 25
1102 20
1103 11
1104 43
1105 31
1106 94
1107 97
1108 39
1109 81
1110 73
1111 34
1112 64
1113 72
1114 11
1115 85
1116 83
1117 21
1118 30
1119 75
1120 73
1121 63
1122 30
1123 62
1124 21
1125 11
1126 6
1127 78
1128 87
1129 25
1130 83
1131 48
1132 34
1133 80
1134 91
1135 52
1136 23
1137 51
1138 17
1139 57
1140 79
1141 15
1142 91
1143 61
1144 22
1145 21
1146 9
1147 75
1148 2
1149 4
1150 97
1151 48
1152 40
1153 36
1154 28
1155 64
1156 78
1157 66
1158 78
1159 34
1160 34
1161 4
1162 15
1163 69
1164 59
1165 81
1166 34
1167 58
1168 82
1169 18
1170 60
1171 36
1172 16
1173 52
1174 78
1175 90
1176 39
1177 94
1178 75
1179 51
1180 2
1181 20
1182 85
1183 53
1184 3
1185 70
1186 63
1187 87
1188 80
1189 35
1190 61
1191 62
1192 34
1193 65
1194 88
1195 66
1196 31
1197 41
1198 33
1199 83
1200 83
1201 8
1202 76
1203 24
1204 53
1205 17
1206 42
1207 55
1208 99
1209 40
1210 44
1211 59
1212 4
1213 92
1214 43
1215 17
1216 14
1217 33
1218 90
1219 51
1220 74
1221 5
1222 87
1223 27
1224 52
1225 72
1226 42
1227 94
1228 91
1229 83
1230 19
1231 9
1232 9
1233 1
1234 55
1235 43
1236 80
1237 78
1238 11
1239 82
1240 95
1241 45
1242 69
1243 98
1244 16
1245 41
1246 23
1247 42
1248 62
1249 61
1250 70
1251 86
1252 18
1253 44
1254 68
1255 61
1256 74
1257 25
1258 2
1259 54
1260 87
1261 32
1262 26
1263 72
1264 78
1265 29
1266 33
1267 1
1268 51
1269 22
1270 20
1271 79
1272 49
1273 11
1274 37
1275 33
1276 17
1277 23
1278 93
1279 42
1280 5
1281 62
1282 10
1283 90
1284 73
1285 90
1286 91
1287 60
1288 14
1289 84
1290 84
1291 99
1292 47
1293 11
1294 96
1295 50
1296 86
1297 12
1298 68
1299 96
1300 74
1301 17
1302 79
1303 44
1304 27
1305 88
1306 41
1307 7
1308 88
1309 33
1310 57
1311 90
1312 13
1313 80
1314 95
1315 11
1316 46
1317 21
1318 18
1319 100
1320 35
1321 61
1322 30
1323 94
1324 50
1325 13
1326 34
1327 1
1328 3
1329 91
1330 83
1331 30
1332 22
1333 40
1334 14
1335 99
1336 4
1337 62
1338 16
1339 28
1340 20
1341 3
1342 39
1343 93
1344 21
1345 64
1346 19
1347 19
1348 10
1349 9
1350 63
1351 24
1352 37
1353 72
1354 27
1355 3
1356 73
1357 77
1358 61
1359 94
1360 78
1361 96
1362 99
1363 18
1364 31
1365 19
1366 39
1367 78
1368 96
1369 59
1370 10
1371 8
1372 46
1373 71
1374 58
1375 53
1376 25
1377 92
1378 13
1379 80
1380 9
1381 11
1382 27
1383 49
1384 56
1385 57
1386 44
1387 96
1388 63
1389 100
1390 87
1391 97
1392 24
1393 84
1394 54
1395 5
1396 89
1397 25
1398 40
1399 75
1400 72
1401 9
1402 92
1403 60
1404 86
1405 30
1406 28
1407 24
1408 13
1409 17
1410 71
1411 61
1412 18
1413 54
1414 95
1415 39
1416 37
1417 16
1418 19
1419 91
1420 97
1421 41
1422 73
1423 70
1424 48
1425 95
1426 56
1427 81
1428 63
1429 3
1430 58
1431 82
1432 94
1433 67
1434 9
1435 50
1436 4
1437 58
1438 52
1439 47
1440 82
1441 3
1442 29
1443 78
1444 6
1445 91
1446 85
1447 54
1448 6
1449 45
1450 51
1451 47
1452 75
1453 29
1454 35
1455 36
1456 98
1457 74
1458 20
1459 64
1460 10
1461 60
1462 77
1463 9
1464 88
1465 88
1466 85
1467 77
1468 95
1469 39
1470 29
1471 30
1472 74
1473 83
1474 75
1475 40
1476 93
1477 1
1478 98
1479 49
1480 25
1481 12
1482 29
1483 44
1484 69
1485 96
1486 45
1487 89
1488 26
1489 71
1490 98
1491 66
1492 69
1493 53
1494 97
1495 30
1496 80
1497 38
1498 49
1499 46
1500 28
1501 88
1502 20
1503 9
1504 23
1505 59
1506 90
1507 26
1508 50
1509 85
1510 30
1511 21
1512 53
1513 74
1514 8
1515 35
1516 50
1517 9
1518 78
1519 7
1520 84
1521 7
1522 35
1523 73
1524 66
1525 61
1526 82
1527 70
1528 84
1529 24
1530 73
1531 51
1532 74
1533 34
1534 21
1535 7
1536 48
1537 84
1538 46
1539 8
1540 22
1541 79
1542 40
1543 2
1544 66
1545 13
1546 85
1547 55
1548 43
1549 56
1550 48
1551 11
1552 76
1553 15
1554 62
1555 91
1556 6
1557 81
1558 36
1559 65
1560 83
1561 69
1562 88
1563 23
1564 30
1565 16
1566 33
1567 65
1568 73
1569 31
1570 81
1571 10
1572 17
1573 14
1574 6
1575 76
1576 8
1577 2
1578 23
1579 28
1580 55
1581 58
1582 98
1583 32
1584 39
1585 93
1586 31
1587 7
1588 16
1589 44
1590 2
1591 59
1592 74
1593 87
1594 42
1595 42
1596 32
1597 11
1598 2
1599 83
1600 46
1601 74
1602 13
1603 21
1604 74
1605 19
1606 15
1607 19
1608 91
1609 13
1610 2
1611 18
1612 3
1613 83
1614 75
1615 72
1616 4
1617 38
1618 31
1619 53
1620 62
1621 51
1622 86
1623 71
1624 55
1625 13
1626 63
1627 45
1628 67
1629 98
1630 17
1631 73
1632 11
1633 91
1634 2
1635 28
1636 66
1637 41
1638 34
1639 58
1640 19
1641 51
1642 47
1643 26
1644 47
1645 38
1646 60
1647 65
1648 2
1649 95
1650 29
1651 34
1652 53
1653 1
1654 10
1655 15
1656 27
1657 31
1658 48
1659 59
1660 80
1661 98
1662 97
1663 67
1664 48
1665 48
1666 55
1667 3
1668 53
1669 68
1670 97
1671 98
1672 81
1673 10
1674 73
1675 83
1676 30
1677 36
1678 30
1679 88
1680 83
1681 74
1682 74
1683 33
1684 4
1685 15
1686 40
1687 77
1688 91
1689 57
1690 1
1691 28
1692 11
1693 91
1694 12
1695 12
1696 22
1697 79
1698 84
1699 83
1700 86
1701 82
1702 34
1703 63
1704 92
1705 67
1706 37
1707 1
1708 77
1709 64
1710 23
1711 32
1712 7
1713 37
1714 53
1715 94
1716 36
1717 52
1718 42
1719 45
1720 90
1721 75
1722 57
1723 16
1724 87
1725 20
1726 37
1727 93
1728 88
1729 78
1730 18
1731 39
1732 62
1733 48
1734 94
1735 13
1736 68
1737 79
1738 94
1739 9
1740 40
1741 75
1742 4
1743 55
1744 100
1745 23
1746 7
1747 50
1748 85
1749 53
1750 57
1751 5
1752 72
1753 21
1754 60
1755 52
1756 62
1757 13
1758 27
1759 54
1760 94
1761 95
1762 48
1763 71
1764 24
1765 37
1766 62
1767 71
1768 5
1769 100
1770 41
1771 86
1772 58
1773 4
1774 9
1775 55
1776 99
1777 11
1778 18
1779 52
1780 18
1781 86
1782 61
1783 71
1784 89
1785 19
1786 71
1787 51
1788 77
1789 55
1790 96
1791 47
1792 20
1793 52
1794 83
1795 68
1796 26
1797 42
1798 84
1799 86
1800 79
1801 52
1802 88
1803 52
1804 20
1805 92
1806 98
1807 73
1808 97
1809 39
1810 45
1811 100
1812 13
1813 42
1814 94
1815 9
1816 57
1817 73
1818 17
1819 37
1820 99
1821 18
1822 2
1823 75
1824 94
1825 95
1826 46
1827 40
1828 62
1829 26
1830 25
1831 94
1832 54
1833 85
1834 70
1835 91
1836 90
1837 82
1838 95
1839 21
1840 77
1841 61
1842 25
1843 86
1844 51
1845 86
1846 20
1847 72
1848 65
1849 55
1850 94
1851 19
1852 58
1853 81
1854 94
1855 31
1856 92
1857 35
1858 69
1859 53
1860 92
1861 46
1862 76
1863 63
1864 15
1865 13
1866 64
1867 92
1868 11
1869 79
1870 76
1871 79
1872 47
1873 55
1874 89
1875 35
1876 75
1877 29
1878 59
1879 87
1880 91
1881 49
1882 95
1883 91
1884 74
1885 80
1886 53
1887 3
1888 35
1889 7
1890 41
1891 46
1892 25
1893 89
1894 83
1895 49
1896 5
1897 6
1898 64
1899 58
1900 8
1901 86
1902 52
1903 74
1904 27
1905 24
1906 22
1907 41
1908 47
1909 47
1910 99
1911 9
1912 65
1913 99
1914 43
1915 80
1916 93
1917 97
1918 9
1919 79
1920 37
1921 89
1922 2
1923 92
1924 77
1925 13
1926 29
1927 19
1928 32
1929 58
1930 6
1931 93
1932 9
1933 92
1934 49
1935 87
1936 21
1937 36
1938 58
1939 23
1940 35
1941 53
1942 72
1943 57
1944 34
1945 93
1946 11
1947 7
1948 81
1949 49
1950 3
1951 3
1952 36
1953 8
1954 26
1955 54
1956 68
1957 50
1958 90
1959 14
1960 96
1961 52
1962 1
1963 10
1964 37
1965 1
1966 21
1967 18
1968 42
1969 26
1970 68
1971 74
1972 1
1973 39
1974 85
1975 96
1976 38
1977 31
1978 30
1979 62
1980 6
1981 98
1982 7
1983 38
1984 59
1985 44
1986 63
1987 72
1988 77
1989 81
1990 97
1991 46
1992 25
1993 11
1994 13
1995 55
1996 61
1997 43
1998 74
1999 3
2000 80
2001 80
2002 53
2003 60
2004 95
2005 12
2006 88
2007 78
2008 85
2009 1
2010 40
2011 32
2012 74
2013 4
2014 4
2015 97
2016 58
2017 100
2018 29
2019 54
2020 29
2021 46
2022 19
2023 39
2024 75
2025 93
2026 63
2027 71
2028 97
2029 97
2030 70
2031 78
2032 81
2033 13
2034 24
2035 84
2036 29
2037 37
2038 99
2039 90
2040 16
2041 51
2042 46
2043 89
2044 34
2045 34
2046 28
2047 96
2048 6
2049 58
2050 31
2051 45
2052 3
2053 4
2054 5
2055 88
2056 98
2057 65
2058 6
2059 3
2060 12
2061 37
2062 42
2063 38
2064 84
2065 1
2066 10
2067 42
2068 49
2069 9
2070 87
2071 10
2072 41
2073 30
2074 88
2075 45
2076 13
2077 85
2078 50
2079 87
2080 93
2081 77
2082 53
2083 96
2084 76
2085 59
2086 85
2087 75
2088 79
2089 75
2090 38
2091 57
2092 43
2093 32
2094 90
2095 68
2096 61
2097 12
2098 98
2099 95
2100 21
2101 1
2102 96
2103 4
2104 70
2105 48
2106 28
2107 57
2108 49
2109 45
2110 37
2111 9
2112 41
2113 61
2114 40
2115 67
2116 20
2117 44
2118 88
2119 62
2120 25
2121 66
2122 96
2123 11
2124 14
2125 85
2126 66
2127 92
2128 96
2129 6
2130 76
2131 18
2132 77
2133 29
2134 75
2135 13
2136 46
2137 30
2138 68
2139 100
2140 63
2141 76
2142 55
2143 84
2144 17
2145 74
2146 15
2147 27
2148 43
2149 23
2150 86
2151 98
2152 88
2153 16
2154 63
2155 8
2156 8
2157 16
2158 86
2159 2
2160 1
2161 79
2162 45
2163 95
2164 43
2165 51
2166 5
2167 9
2168 25
2169 77
2170 60
2171 39
2172 87
2173 45
2174 38
2175 46
2176 21
2177 24
2178 62
2179 91
2180 44
2181 83
2182 79
2183 6
2184 32
2185 32
2186 24
2187 61
2188 2
2189 30
2190 94
2191 5
2192 61
2193 43
2194 64
2195 22
2196 36
2197 26
2198 89
2199 31
2200 23
2201 23
2202 7
2203 76
2204 56
2205 6
2206 59
2207 12
2208 13
2209 95
2210 50
2211 99
2212 99
2213 29
2214 7
2215 28
2216 85
2217 74
2218 38
2219 100
2220 100
2221 91
2222 49
2223 18
2224 27
2225 6
2226 50
2227 52
2228 75
2229 60
2230 22
2231 68
2232 97
2233 53
2234 61
2235 37
2236 91
2237 87
2238 58
2239 37
2240 9
2241 47
2242 42
2243 35
2244 14
2245 88
2246 74
2247 34
2248 92
2249 18
2250 46
2251 8
2252 73
2253 22
2254 53
2255 57
2256 2
2257 60
2258 38
2259 4
2260 6
2261 17
2262 84
2263 60
2264 49
2265 56
2266 3
2267 93
2268 67
2269 53
2270 28
2271 15
2272 41
2273 60
2274 31
2275 36
2276 55
2277 65
2278 39
2279 69
2280 87
2281 20
2282 51
2283 65
2284 66
2285 64
2286 17
2287 18
2288 92
2289 81
2290 52
2291 78
2292 86
2293 58
2294 15
2295 79
2296 61
2297 54
2298 24
2299 61
2300 30
2301 80
2302 71
2303 48
2304 70
2305 2
2306 88
2307 1
2308 11
2309 43
2310 4
2311 53
2312 84
2313 48
2314 93
2315 44
2316 38
2317 68
2318 68
2319 89
2320 16
2321 77
2322 89
2323 55
2324 23
2325 99
2326 58
2327 57
2328 7
2329 57
2330 44
2331 96
2332 6
2333 83
2334 27
2335 33
2336 99
2337 41
2338 98
2339 66
2340 17
2341 91
2342 43
2343 57
2344 26
2345 78
2346 21
2347 24
2348 34
2349 23
2350 67
2351 21
2352 63
2353 20
2354 48
2355 70
2356 40
2357 47
2358 90
2359 73
2360 37
2361 39
2362 20
2363 62
2364 3
2365 62
2366 10
2367 2
2368 60
2369 30
2370 96
2371 11
2372 10
2373 44
2374 66
2375 42
2376 57
2377 10
2378 42
2379 97
2380 86
2381 92
2382 59
2383 39
2384 39
2385 78
2386 54
2387 83
2388 46
2389 10
2390 12
2391 93
2392 99
2393 10
2394 52
2395 91
2396 10
2397 26
2398 51
2399 86
2400 53
2401 83
2402 50
2403 61
2404 62
2405 91
2406 15
2407 76
2408 53
2409 32
2410 92
2411 76
2412 46
2413 32
2414 14
2415 19
2416 66
2417 52
2418 42
2419 46
2420 8
2421 30
2422 30
2423 79
2424 75
2425 33
2426 67
2427 28
2428 31
2429 3
2430 33
2431 26
2432 46
2433 73
2434 61
2435 15
2436 24
2437 11
2438 19
2439 7
2440 14
2441 68
2442 96
2443 79
2444 1
2445 55
2446 81
2447 37
2448 75
2449 44
2450 12
2451 84
2452 8
2453 28
2454 53
2455 27
2456 10
2457 47
2458 69
2459 99
2460 69
2461 76
2462 18
2463 22
2464 75
2465 28
2466 8
2467 94
2468 65
2469 97
2470 10
2471 27
2472 97
2473 78
2474 50
2475 56
2476 12
2477 80
2478 68
2479 64
2480 90
2481 79
2482 77
2483 16
2484 87
2485 2
2486 77
2487 55
2488 57
2489 6
2490 50
2491 91
2492 54
2493 2
2494 40
2495 6
2496 21
2497 45
2498 71
2499 40
2500 69
2501 5
2502 52
2503 67
2504 13
2505 31
2506 33
2507 99
2508 46
2509 35
2510 71
2511 57
2512 27
2513 21
2514 36
2515 94
2516 72
2517 8
2518 78
2519 93
2520 51
2521 37
2522 75
2523 77
2524 47
2525 4
2526 89
2527 78
2528 66
2529 2
2530 19
2531 3
2532 55
2533 54
2534 37
2535 65
2536 45
2537 21
2538 97
2539 10
2540 76
2541 1
2542 9
2543 48
2544 10
2545 39
2546 6
2547 39
2548 97
2549 57
2550 100
2551 30
2552 15
2553 91
2554 76
2555 59
2556 75
2557 59
2558 71
2559 1
2560 100
2561 32
2562 12
2563 18
2564 92
2565 52
2566 93
2567 95
2568 3
2569 81
2570 50
2571 79
2572 70
2573 34
2574 92
2575 45
2576 15
2577 47
2578 2
2579 22
2580 47
2581 46
2582 3
2583 34
2584 48
2585 54
2586 59
2587 36
2588 64
2589 90
2590 67
2591 5
2592 94
2593 60
2594 100
2595 26
2596 64
2597 60
2598 8
2599 9
2600 82
2601 35
2602 41
2603 21
2604 51
2605 93
2606 79
2607 16
2608 75
2609 78
2610 49
2611 63
2612 65
2613 2
2614 55
2615 1
2616 67
2617 97
2618 11
2619 92
2620 99
2621 10
2622 1
2623 20
2624 8
2625 92
2626 14
2627 77
2628 70
2629 98
2630 53
2631 73
2632 19
2633 76
2634 50
2635 57
2636 8
2637 18
2638 53
2639 92
2640 24
2641 21
2642 74
2643 78
2644 17
2645 6
2646 71
2647 30
2648 9
2649 96
2650 5
2651 92
2652 7
2653 42
2654 53
2655 46
2656 54
2657 62
2658 19
2659 41
2660 3
2661 25
2662 50
2663 89
2664 32
2665 94
2666 96
2667 53
2668 57
2669 22
2670 15
2671 54
2672 44
2673 58
2674 45
2675 24
2676 56
2677 86
2678 69
2679 99
2680 91
2681 35
2682 59
2683 99
2684 97
2685 59
2686 55
2687 21
2688 57
2689 84
2690 37
2691 38
2692 47
2693 65
2694 17
2695 66
2696 47
2697 50
2698 63
2699 31
2700 14
2701 61
2702 94
2703 86
2704 42
2705 15
2706 86
2707 48
2708 33
2709 97
2710 7
2711 2
2712 43
2713 25
2714 33
2715 21
2716 85
2717 65
2718 71
2719 99
2720 35
2721 79
2722 59
2723 74
2724 49
2725 72
2726 100
2727 84
2728 27
2729 69
2730 39
2731 11
2732 22
2733 6
2734 28
2735 56
2736 51
2737 38
2738 27
2739 98
2740 30
2741 43
2742 86
2743 23
2744 91
2745 16
2746 41
2747 54
2748 62
2749 47
2750 40
2751 9
2752 90
2753 88
2754 6
2755 19
2756 14
2757 15
2758 57
2759 99
2760 19
2761 93
2762 41
2763 67
2764 33
2765 58
2766 70
2767 20
2768 93
2769 25
2770 49
2771 82
2772 32
2773 73
2774 46
2775 56
2776 42
2777 15
2778 14
2779 11
2780 61
2781 9
2782 36
2783 59
2784 49
2785 50
2786 33
2787 12
2788 34
2789 21
2790 21
2791 98
2792 30
2793 8
2794 53
2795 9
2796 53
2797 100
2798 64
2799 17
2800 73
2801 55
2802 50
2803 77
2804 42
2805 43
2806 20
2807 75
2808 64
2809 50
2810 29
2811 15
2812 14
2813 52
2814 25
2815 57
2816 60
2817 4
2818 53
2819 70
2820 76
2821 35
2822 52
2823 47
2824 81
2825 72
2826 70
2827 32
2828 68
2829 37
2830 66
2831 8
2832 40
2833 99
2834 13
2835 42
2836 33
2837 52
2838 26
2839 77
2840 34
2841 5
2842 48
2843 6
2844 92
2845 100
2846 29
2847 6
2848 71
2849 20
2850 65
2851 83
2852 9
2853 28
2854 26
2855 72
2856 25
2857 75
2858 92
2859 49
2860 14
2861 48
2862 40
2863 73
2864 65
2865 47
2866 43
2867 46
2868 33
2869 12
2870 25
2871 14
2872 70
2873 20
2874 51
2875 9
2876 64
2877 40
2878 2
2879 36
2880 87
2881 61
2882 38
2883 53
2884 96
2885 85
2886 23
2887 50
2888 91
2889 87
2890 28
2891 78
2892 69
2893 54
2894 1
2895 15
2896 100
2897 10
2898 99
2899 79
2900 41
2901 76
2902 72
2903 90
2904 34
2905 87
2906 89
2907 42
2908 22
2909 20
2910 65
2911 33
2912 2
2913 50
2914 30
2915 8
2916 66
2917 81
2918 83
2919 80
2920 65
2921 54
2922 97
2923 69
2924 19
2925 55
2926 51
2927 40
2928 1
2929 91
2930 14
2931 83
2932 46
2933 8
2934 21
2935 69
2936 24
2937 6
2938 10
2939 76
2940 9
2941 93
2942 42
2943 49
2944 98
2945 33
2946 68
2947 38
2948 3
2949 46
2950 26
2951 20
2952 25
2953 22
2954 35
2955 42
2956 20
2957 77
2958 69
2959 14
2960 72
2961 20
2962 35
2963 85
2964 20
2965 3
2966 27
2967 26
2968 26
2969 30
2970 47
2971 96
2972 50
2973 71
2974 1
2975 46
2976 78
2977 57
2978 13
2979 41
2980 19
2981 64
2982 39
2983 24
2984 42
2985 61
2986 7
2987 99
2988 30
2989 7
2990 26
2991 54
2992 86
2993 16
2994 70
2995 22
2996 50
2997 14
2998 49
2999 22
3000 59
3001 77
3002 15
3003 36
3004 9
3005 77
3006 22
3007 94
3008 82
3009 66
3010 83
3011 76
3012 45
3013 52
3014 68
3015 33
3016 52
3017 70
3018 80
3019 62
3020 23
3021 63
3022 23
3023 28
3024 25
3025 23
3026 56
3027 73
3028 61
3029 56
3030 65
3031 13
3032 92
3033 80
3034 46
3035 59
3036 9
3037 16
3038 89
3039 78
3040 50
3041 83
3042 74
3043 52
3044 50
3045 38
3046 27
3047 50
3048 96
3049 72
3050 31
3051 30
3052 83
3053 13
3054 45
3055 95
3056 79
3057 56
3058 56
3059 10
3060 25
3061 90
3062 17
3063 42
3064 83
3065 51
3066 65
3067 5
3068 15
3069 91
3070 22
3071 78
3072 94
3073 78
3074 61
3075 59
3076 77
3077 61
3078 73
3079 13
3080 52
3081 9
3082 39
3083 51
3084 92
3085 98
3086 34
3087 61
3088 99
3089 29
3090 70
3091 29
3092 49
3093 27
3094 82
3095 15
3096 10
3097 30
3098 55
3099 54
3100 99
3101 23
3102 44
3103 54
3104 83
3105 62
3106 28
3107 43
3108 67
3109 21
3110 51
3111 64
3112 18
3113 12
3114 40
3115 38
3116 64
3117 62
3118 35
3119 12
3120 21
3121 89
3122 43
3123 3
3124 14
3125 96
3126 73
3127 46
3128 7
3129 58
3130 13
3131 31
3132 68
3133 71
3134 17
3135 46
3136 31
3137 19
3138 68
3139 64
3140 96
3141 55
3142 23
3143 48
3144 25
3145 61
3146 87
3147 30
3148 11
3149 20
3150 8
3151 25
3152 69
3153 40
3154 91
3155 75
3156 40
3157 8
3158 100
3159 48
3160 60
3161 81
3162 58
3163 43
3164 43
3165 84
3166 31
3167 33
3168 4
3169 21
3170 92
3171 52
3172 36
3173 99
3174 58
3175 85
3176 45
3177 51
3178 64
3179 95
3180 42
3181 29
3182 61
3183 55
3184 79
3185 66
3186 93
3187 61
3188 86
3189 12
3190 84
3191 52
3192 92
3193 72
3194 19
3195 99
3196 96
3197 66
3198 96
3199 68
3200 73
3201 24
3202 92
3203 53
3204 46
3205 96
3206 40
3207 99
3208 34
3209 80
3210 37
3211 90
3212 69
3213 28
3214 62
3215 40
3216 28
3217 51
3218 73
3219 5
3220 53
3221 15
3222 17
3223 100
3224 7
3225 88
3226 67
3227 17
3228 50
3229 32
3230 6
3231 7
3232 78
3233 4
3234 89
3235 6
3236 95
3237 79
3238 73
3239 73
3240 72
3241 31
3242 53
3243 9
3244 84
3245 57
3246 94
3247 38
3248 15
3249 31
3250 75
3251 44
3252 53
3253 34
3254 78
3255 74
3256 46
3257 99
3258 42
3259 23
3260 54
3261 46
3262 86
3263 9
3264 19
3265 13
3266 82
3267 79
3268 82
3269 99
3270 16
3271 80
3272 39
3273 44
3274 29
3275 91
3276 30
3277 74
3278 71
3279 86
3280 67
3281 10
3282 12
3283 61
3284 81
3285 1
3286 45
3287 11
3288 23
3289 51
3290 69
3291 68
3292 31
3293 85
3294 76
3295 56
3296 77
3297 75
3298 8
3299 29
3300 68
3301 25
3302 27
3303 68
3304 80
3305 79
3306 63
3307 53
3308 72
3309 4
3310 27
3311 88
3312 86
3313 16
3314 4
3315 100
3316 18
3317 27
3318 9
3319 95
3320 44
3321 38
3322 71
3323 93
3324 79
3325 80
3326 44
3327 26
3328 66
3329 70
3330 34
3331 15
3332 49
3333 4
3334 69
3335 17
3336 62
3337 16
3338 38
3339 49
3340 89
3341 50
3342 68
3343 23
3344 83
3345 41
3346 62
3347 98
3348 11
3349 52
3350 41
3351 74
3352 92
3353 30
3354 8
3355 17
3356 55
3357 88
3358 74
3359 76
3360 32
3361 46
3362 49
3363 37
3364 20
3365 33
3366 21
3367 82
3368 69
3369 51
3370 35
3371 45
3372 71
3373 29
3374 12
3375 85
3376 7
3377 90
3378 34
3379 86
3380 14
3381 45
3382 63
3383 27
3384 55
3385 45
3386 85
3387 84
3388 14
3389 53
3390 54
3391 6
3392 18
3393 12
3394 64
3395 36
3396 66
3397 83
3398 80
3399 33
3400 45
3401 60
3402 45
3403 68
3404 40
3405 8
3406 16
3407 32
3408 92
3409 21
3410 12
3411 84
3412 93
3413 66
3414 9
3415 39
3416 65
3417 73
3418 18
3419 54
3420 86
3421 34
3422 27
3423 63
3424 80
3425 62
3426 51
3427 66
3428 19
3429 99
3430 35
3431 24
3432 62
3433 87
3434 97
3435 35
3436 80
3437 25
3438 13
3439 89
3440 16
3441 31
3442 9
3443 16
3444 76
3445 2
3446 100
3447 30
3448 82
3449 60
3450 69
3451 72
3452 40
3453 20
3454 95
3455 16
3456 26
3457 45
3458 79
3459 21
3460 90
3461 40
3462 96
3463 80
3464 92
3465 84
3466 70
3467 92
3468 76
3469 20
3470 81
3471 95
3472 50
3473 84
3474 29
3475 99
3476 44
3477 86
3478 12
3479 44
3480 86
3481 88
3482 12
3483 40
3484 3
3485 74
3486 20
3487 58
3488 41
3489 53
3490 7
3491 41
3492 32
3493 15
3494 56
3495 8
3496 16
3497 72
3498 28
3499 26
3500 36
3501 82
3502 13
3503 52
3504 2
3505 92
3506 55
3507 72
3508 5
3509 25
3510 93
3511 89
3512 18
3513 56
3514 87
3515 89
3516 12
3517 57
3518 64
3519 42
3520 43
3521 55
3522 11
3523 16
3524 69
3525 84
3526 87
3527 66
3528 60
3529 69
3530 56
3531 65
3532 51
3533 66
3534 28
3535 22
3536 56
3537 32
3538 3
3539 43
3540 51
3541 56
3542 43
3543 88
3544 77
3545 7
3546 5
3547 28
3548 71
3549 24
3550 41
3551 63
3552 34
3553 45
3554 28
3555 32
3556 12
3557 10
3558 25
3559 60
3560 98
3561 64
3562 37
3563 30
3564 79
3565 85
3566 36
3567 26
3568 16
3569 14
3570 34
3571 25
3572 13
3573 42
3574 30
3575 90
3576 11
3577 35
3578 82
3579 39
3580 84
3581 72
3582 20
3583 19
3584 25
3585 96
3586 22
3587 52
3588 78
3589 53
3590 58
3591 51
3592 65
3593 93
3594 96
3595 64
3596 61
3597 39
3598 80
3599 100
3600 38
3601 48
3602 67
3603 76
3604 88
3605 16
3606 70
3607 83
3608 28
3609 91
3610 27
3611 37
3612 90
3613 88
3614 1
3615 64
3616 87
3617 89
3618 23
3619 41
3620 15
3621 26
3622 29
3623 47
3624 25
3625 80
3626 44
3627 51
3628 76
3629 63
3630 39
3631 35
3632 11
3633 48
3634 66
3635 63
3636 19
3637 17
3638 91
3639 99
3640 36
3641 55
3642 71
3643 90
3644 6
3645 1
3646 28
3647 52
3648 11
3649 6
3650 54
3651 86
3652 58
3653 21
3654 48
3655 43
3656 94
3657 90
3658 81
3659 27
3660 10
3661 38
3662 23
3663 41
3664 29
3665 87
3666 76
3667 95
3668 47
3669 90
3670 76
3671 61
3672 63
3673 98
3674 67
3675 47
3676 83
3677 50
3678 25
3679 7
3680 26
3681 88
3682 96
3683 43
3684 12
3685 29
3686 30
3687 5
3688 13
3689 1
3690 88
3691 41
3692 72
3693 7
3694 54
3695 76
3696 78
3697 54
3698 76
3699 42
3700 64
3701 14
3702 71
3703 2
3704 50
3705 50
3706 66
3707 71
3708 26
3709 40
3710 80
3711 7
3712 13
3713 8
3714 19
3715 96
3716 61
3717 95
3718 70
3719 35
3720 1
3721 90
3722 96
3723 64
3724 81
3725 46
3726 50
3727 69
3728 89
3729 79
3730 91
3731 90
3732 33
3733 58
3734 30
3735 2
3736 16
3737 26
3738 56
3739 98
3740 15
3741 70
3742 93
3743 62
3744 53
3745 68
3746 95
3747 86
3748 32
3749 62
3750 25
3751 6
3752 29
3753 86
3754 34
3755 92
3756 86
3757 45
3758 49
3759 56
3760 19
3761 48
3762 64
3763 46
3764 27
3765 98
3766 82
3767 97
3768 76
3769 34
3770 6
3771 28
3772 29
3773 1
3774 68
3775 77
3776 53
3777 58
3778 22
3779 47
3780 74
3781 38
3782 16
3783 65
3784 39
3785 11
3786 9
3787 58
3788 23
3789 69
3790 36
3791 84
3792 94
3793 71
3794 36
3795 63
3796 66
3797 17
3798 64
3799 11
3800 4
3801 62
3802 95
3803 58
3804 21
3805 45
3806 40
3807 68
3808 69
3809 13
3810 35
3811 70
3812 55
3813 29
3814 61
3815 98
3816 90
3817 43
3818 5
3819 65
3820 83
3821 29
3822 55
3823 14
3824 47
3825 22
3826 90
3827 51
3828 74
3829 31
3830 50
3831 31
3832 92
3833 90
3834 40
3835 95
3836 35
3837 85
3838 71
3839 87
3840 85
3841 32
3842 19
3843 16
3844 94
3845 8
3846 33
3847 75
3848 23
3849 72
3850 27
3851 1
3852 47
3853 74
3854 14
3855 23
3856 39
3857 64
3858 54
3859 1
3860 54
3861 29
3862 93
3863 62
3864 34
3865 34
3866 60
3867 3
3868 46
3869 33
3870 91
3871 17
3872 69
3873 65
3874 24
3875 19
3876 16
3877 82
3878 64
3879 1
3880 28
3881 80
3882 62
3883 66
3884 3
3885 95
3886 1
3887 100
3888 89
3889 20
3890 21
3891 61
3892 50
3893 95
3894 41
3895 52
3896 87
3897 54
3898 88
3899 87
3900 31
3901 6
3902 13
3903 24
3904 65
3905 82
3906 22
3907 22
3908 68
3909 89
3910 62
3911 8
3912 90
3913 45
3914 23
3915 29
3916 90
3917 53
3918 23
3919 52
3920 1
3921 44
3922 2
3923 64
3924 16
3925 100
3926 38
3927 69
3928 56
3929 98
3930 54
3931 57
3932 90
3933 92
3934 33
3935 82
3936 54
3937 89
3938 11
3939 69
3940 83
3941 69
3942 15
3943 28
3944 98
3945 41
3946 65
3947 45
3948 45
3949 71
3950 10
3951 5
3952 71
3953 31
3954 37
3955 57
3956 42
3957 68
3958 39
3959 76
3960 16
3961 78
3962 49
3963 88
3964 98
3965 90
3966 68
3967 40
3968 82
3969 57
3970 26
3971 77
3972 45
3973 3
3974 26
3975 80
3976 47
3977 18
3978 52
3979 66
3980 88
3981 91
3982 97
3983 5
3984 67
3985 24
3986 19
3987 92
3988 89
3989 65
3990 70
3991 43
3992 95
3993 62
3994 38
3995 97
3996 72
3997 81
3998 64
3999 73
4000 83
4001 2
4002 36
4003 88
4004 42
4005 50
4006 85
4007 93
4008 45
4009 86
4010 25
4011 49
4012 34
4013 57
4014 63
4015 18
4016 26
4017 33
4018 60
4019 2
4020 52
4021 16
4022 89
4023 64
4024 1
4025 90
4026 43
4027 70
4028 56
4029 80
4030 93
4031 86
4032 68
4033 31
4034 47
4035 49
4036 37
4037 91
4038 42
4039 63
4040 48
4041 64
4042 63
4043 48
4044 52
4045 2
4046 5
4047 40
4048 26
4049 61
4050 46
4051 61
4052 16
4053 35
4054 46
4055 36
4056 70
4057 91
4058 4
4059 14
4060 65
4061 16
4062 45
4063 40
4064 69
4065 98
4066 3
4067 29
4068 79
4069 18
4070 59
4071 70
4072 28
4073 4
4074 35
4075 38
4076 26
4077 18
4078 68
4079 89
4080 69
4081 24
4082 75
4083 59
4084 89
4085 98
4086 55
4087 6
4088 90
4089 35
4090 40
4091 5
4092 20
4093 96
4094 67
4095 57
4096 99
4097 2
4098 71
4099 86
4100 7
4101 30
4102 98
4103 73
4104 58
4105 65
4106 48
4107 88
4108 79
4109 24
4110 54
4111 15
4112 62
4113 70
4114 31
4115 20
4116 30
4117 9
4118 94
4119 88
4120 54
4121 63
4122 91
4123 99
4124 73
4125 97
4126 31
4127 49
4128 60
4129 11
4130 3
4131 67
4132 11
4133 95
4134 4
4135 21
4136 1
4137 61
4138 15
4139 80
4140 44
4141 28
4142 96
4143 51
4144 77
4145 87
4146 37
4147 34
4148 64
4149 78
4150 37
4151 36
4152 45
4153 47
4154 18
4155 57
4156 23
4157 30
4158 88
4159 94
4160 22
4161 41
4162 12
4163 52
4164 48
4165 82
4166 29
4167 31
4168 24
4169 19
4170 59
4171 72
4172 53
4173 75
4174 58
4175 69
4176 78
4177 63
4178 57
4179 27
4180 74
4181 40
4182 5
4183 27
4184 34
4185 4
4186 72
4187 78
4188 39
4189 96
4190 96
4191 70
4192 48
4193 24
4194 69
4195 41
4196 41
4197 79
4198 77
4199 28
4200 69
4201 99
4202 96
4203 27
4204 17
4205 93
4206 40
4207 21
4208 33
4209 86
4210 68
4211 10
4212 2
4213 65
4214 50
4215 88
4216 27
4217 80
4218 81
4219 31
4220 97
4221 22
4222 41
4223 38
4224 42
4225 68
4226 86
4227 75
4228 44
4229 57
4230 68
4231 27
4232 51
4233 41
4234 43
4235 54
4236 73
4237 29
4238 70
4239 58
4240 71
4241 48
4242 33
4243 96
4244 2
4245 29
4246 56
4247 1
4248 72
4249 56
4250 50
4251 18
4252 4
4253 57
4254 76
4255 26
4256 40
4257 37
4258 64
4259 61
4260 94
4261 5
4262 6
4263 50
4264 55
4265 48
4266 51
4267 87
4268 84
4269 76
4270 7
4271 29
4272 91
4273 73
4274 41
4275 64
4276 70
4277 85
4278 27
4279 80
4280 51
4281 45
4282 35
4283 73
4284 65
4285 81
4286 69
4287 90
4288 22
4289 27
4290 58
4291 12
4292 78
4293 22
4294 11
4295 3
4296 3
4297 30
4298 84
4299 73
4300 87
4301 97
4302 17
4303 30
4304 64
4305 81
4306 51
4307 70
4308 28
4309 16
4310 82
4311 2
4312 97
4313 93
4314 70
4315 91
4316 39
4317 57
4318 36
4319 93
4320 28
4321 14
4322 69
4323 18
4324 21
4325 21
4326 75
4327 72
4328 9
4329 58
4330 7
4331 84
4332 62
4333 85
4334 10
4335 61
4336 88
4337 96
4338 55
4339 30
4340 61
4341 55
4342 11
4343 47
4344 99
4345 26
4346 29
4347 53
4348 3
4349 93
4350 69
4351 68
4352 39
4353 38
4354 72
4355 13
4356 15
4357 93
4358 21
4359 97
4360 3
4361 68
4362 68
4363 73
4364 37
4365 75
4366 12
4367 30
4368 18
4369 46
4370 42
4371 88
4372 44
4373 46
4374 8
4375 75
4376 8
4377 18
4378 40
4379 62
4380 81
4381 22
4382 32
4383 35
4384 98
4385 79
4386 96
4387 24
4388 51
4389 83
4390 83
4391 52
4392 67
4393 28
4394 41
4395 99
4396 23
4397 80
4398 41
4399 56
4400 31
4401 79
4402 83
4403 93
4404 95
4405 92
4406 35
4407 97
4408 56
4409 83
4410 66
4411 46
4412 57
4413 56
4414 93
4415 90
4416 64
4417 45
4418 84
4419 72
4420 42
4421 26
4422 35
4423 51
4424 52
4425 46
4426 36
4427 46
4428 77
4429 47
4430 66
4431 80
4432 89
4433 87
4434 11
4435 84
4436 63
4437 34
4438 6
4439 62
4440 19
4441 47
4442 15
4443 13
4444 30
4445 78
4446 96
4447 36
4448 63
4449 77
4450 36
4451 100
4452 12
4453 99
4454 10
4455 79
4456 34
4457 70
4458 81
4459 47
4460 90
4461 29
4462 23
4463 14
4464 94
4465 18
4466 29
4467 74
4468 28
4469 39
4470 98
4471 82
4472 41
4473 92
4474 56
4475 24
4476 21
4477 21
4478 52
4479 63
4480 95
4481 89
4482 17
4483 12
4484 16
4485 73
4486 97
4487 76
4488 18
4489 33
4490 91
4491 80
4492 32
4493 65
4494 69
4495 46
4496 5
4497 1
4498 17
4499 86
4500 97
4501 11
4502 100
4503 89
4504 47
4505 37
4506 100
4507 61
4508 65
4509 96
4510 79
4511 97
4512 2
4513 50
4514 74
4515 28
4516 71
4517 93
4518 38
4519 54
4520 62
4521 65
4522 62
4523 3
4524 36
4525 96
4526 25
4527 43
4528 73
4529 82
4530 52
4531 96
4532 79
4533 4
4534 62
4535 19
4536 19
4537 33
4538 8
4539 75
4540 95
4541 95
4542 3
4543 99
4544 54
4545 36
4546 11
4547 5
4548 33
4549 3
4550 14
4551 80
4552 72
4553 39
4554 11
4555 28
4556 53
4557 78
4558 82
4559 19
4560 13
4561 50
4562 38
4563 76
4564 17
4565 11
4566 1
4567 35
4568 79
4569 42
4570 3
4571 71
4572 75
4573 40
4574 65
4575 96
4576 77
4577 28
4578 93
4579 74
4580 73
4581 38
4582 49
4583 71
4584 7
4585 43
4586 9
4587 9
4588 5
4589 26
4590 31
4591 20
4592 14
4593 70
4594 49
4595 94
4596 20
4597 75
4598 52
4599 78
4600 10
4601 95
4602 61
4603 71
4604 77
4605 20
4606 86
4607 62
4608 53
4609 28
4610 16
4611 43
4612 52
4613 30
4614 38
4615 67
4616 47
4617 57
4618 33
4619 20
4620 97
4621 72
4622 44
4623 50
4624 17
4625 36
4626 75
4627 71
4628 28
4629 85
4630 81
4631 92
4632 88
4633 19
4634 11
4635 26
4636 92
4637 66
4638 88
4639 11
4640 25
4641 74
4642 10
4643 16
4644 6
4645 28
4646 75
4647 68
4648 32
4649 18
4650 18
4651 64
4652 36
4653 93
4654 20
4655 15
4656 79
4657 1
4658 96
4659 18
4660 17
4661 28
4662 31
4663 93
4664 21
4665 96
4666 96
4667 96
4668 92
4669 92
4670 72
4671 64
4672 61
4673 80
4674 6
4675 26
4676 46
4677 64
4678 99
4679 42
4680 10
4681 56
4682 8
4683 14
4684 95
4685 93
4686 85
4687 81
4688 62
4689 30
4690 87
4691 64
4692 90
4693 81
4694 85
4695 12
4696 30
4697 1
4698 73
4699 82
4700 39
4701 34
4702 58
4703 13
4704 73
4705 51
4706 25
4707 36
4708 65
4709 49
4710 61
4711 48
4712 2
4713 96
4714 16
4715 60
4716 58
4717 23
4718 29
4719 86
4720 12
4721 5
4722 64
4723 3
4724 52
4725 59
4726 77
4727 74
4728 89
4729 58
4730 97
4731 11
4732 71
4733 53
4734 26
4735 53
4736 98
4737 56
4738 97
4739 6
4740 35
4741 64
4742 43
4743 79
4744 86
4745 31
4746 37
4747 40
4748 80
4749 52
4750 58
4751 88
4752 40
4753 24
4754 72
4755 73
4756 70
4757 64
4758 89
4759 43
4760 20
4761 35
4762 52
4763 59
4764 53
4765 76
4766 67
4767 97
4768 42
4769 45
4770 62
4771 77
4772 95
4773 80
4774 47
4775 87
4776 44
4777 35
4778 16
4779 42
4780 46
4781 67
4782 54
4783 27
4784 34
4785 9
4786 34
4787 53
4788 37
4789 20
4790 79
4791 79
4792 78
4793 4
4794 31
4795 94
4796 48
4797 60
4798 91
4799 14
4800 27
4801 96
4802 98
4803 8
4804 18
4805 61
4806 98
4807 52
4808 15
4809 29
4810 16
4811 16
4812 60
4813 73
4814 30
4815 85
4816 43
4817 86
4818 74
4819 56
4820 93
4821 28
4822 73
4823 46
4824 15
4825 33
4826 33
4827 65
4828 53
4829 97
4830 41
4831 13
4832 92
4833 48
4834 48
4835 7
4836 84
4837 69
4838 57
4839 89
4840 79
4841 22
4842 97
4843 80
4844 37
4845 89
4846 22
4847 84
4848 69
4849 77
4850 33
4851 41
4852 61
4853 36
4854 92
4855 15
4856 3
4857 58
4858 39
4859 75
4860 64
4861 86
4862 68
4863 33
4864 69
4865 12
4866 41
4867 42
4868 44
4869 85
4870 98
4871 72
4872 92
4873 88
4874 40
4875 21
4876 75
4877 80
4878 86
4879 1
4880 58
4881 36
4882 54
4883 92
4884 58
4885 47
4886 8
4887 51
4888 62
4889 75
4890 40
4891 24
4892 84
4893 51
4894 9
4895 29
4896 50
4897 18
4898 95
4899 2
4900 11
4901 28
4902 2
4903 71
4904 99
4905 9
4906 40
4907 96
4908 3
4909 25
4910 82
4911 24
4912 25
4913 22
4914 82
4915 53
4916 36
4917 1
4918 57
4919 30
4920 48
4921 16
4922 40
4923 13
4924 38
4925 17
4926 25
4927 88
4928 24
4929 44
4930 6
4931 98
4932 4
4933 12
4934 8
4935 54
4936 98
4937 19
4938 26
4939 31
4940 8
4941 5
4942 1
4943 9
4944 86
4945 74
4946 8
4947 61
4948 22
4949 55
4950 59
4951 24
4952 14
4953 41
4954 28
4955 8
4956 14
4957 84
4958 42
4959 59
4960 21
4961 32
4962 84
4963 42
4964 41
4965 77
4966 42
4967 83
4968 31
4969 72
4970 29
4971 60
4972 100
4973 43
4974 49
4975 83
4976 37
4977 94
4978 49
4979 31
4980 49
4981 29
4982 77
4983 88
4984 19
4985 74
4986 51
4987 4
4988 3
4989 79
4990 5
4991 78
4992 11
4993 29
4994 92
4995 91
4996 83
4997 72
4998 83
4999 32
5000 81
5001 75
5002 94
5003 27
5004 99
5005 20
5006 60
5007 67
5008 66
5009 89
5010 8
5011 55
5012 49
5013 78
5014 97
5015 20
5016 39
5017 95
5018 30
5019 6
5020 46
5021 75
5022 38
5023 24
5024 13
5025 67
5026 75
5027 56
5028 81
5029 12
5030 23
5031 82
5032 40
5033 23
5034 64
5035 54
5036 18
5037 19
5038 20
5039 13
5040 81
5041 51
5042 21
5043 85
5044 57
5045 31
5046 22
5047 90
5048 86
5049 72
5050 60
5051 28
5052 95
5053 7
5054 5
5055 35
5056 63
5057 29
5058 51
5059 25
5060 21
5061 22
5062 65
5063 81
5064 40
5065 66
5066 55
5067 99
5068 45
5069 9
5070 11
5071 85
5072 15
5073 51
5074 53
5075 42
5076 50
5077 23
5078 19
5079 26
5080 16
5081 77
5082 62
5083 29
5084 1
5085 4
5086 38
5087 65
5088 49
5089 37
5090 28
5091 50
5092 52
5093 26
5094 6
5095 17
5096 53
5097 79
5098 39
5099 25
5100 52
5101 30
5102 39
5103 94
5104 43
5105 55
5106 47
5107 57
5108 56
5109 23
5110 69
5111 14
5112 6
5113 99
5114 19
5115 29
5116 13
5117 57
5118 64
5119 39
5120 39
5121 82
5122 89
5123 12
5124 45
5125 15
5126 63
5127 74
5128 96
5129 45
5130 82
5131 80
5132 82
5133 65
5134 62
5135 86
5136 81
5137 2
5138 96
5139 87
5140 18
5141 58
5142 45
5143 68
5144 74
5145 24
5146 51
5147 84
5148 51
5149 19
5150 93
5151 44
5152 30
5153 88
5154 70
5155 34
5156 26
5157 53
5158 30
5159 83
5160 7
5161 10
5162 29
5163 81
5164 24
5165 7
5166 45
5167 67
5168 45
5169 64
5170 18
5171 58
5172 37
5173 45
5174 33
5175 22
5176 2
5177 5
5178 47
5179 51
5180 42
5181 81
5182 16
5183 46
5184 100
5185 51
5186 28
5187 68
5188 64
5189 13
5190 36
5191 25
5192 96
5193 49
5194 10
5195 27
5196 58
5197 59
5198 96
5199 42
5200 51
5201 25
5202 52
5203 44
5204 49
5205 63
5206 58
5207 54
5208 61
5209 86
5210 66
5211 33
5212 23
5213 32
5214 100
5215 7
5216 75
5217 19
5218 62
5219 59
5220 14
5221 15
5222 21
5223 24
5224 38
5225 90
5226 84
5227 30
5228 83
5229 45
5230 55
5231 58
5232 51
5233 17
5234 92
5235 16
5236 97
5237 33
5238 48
5239 76
5240 47
5241 36
5242 52
5243 27
5244 25
5245 35
5246 2
5247 84
5248 94
5249 96
5250 80
5251 49
5252 58
5253 30
5254 33
5255 71
5256 57
5257 13
5258 40
5259 75
5260 44
5261 46
5262 61
5263 21
5264 38
5265 48
5266 54
5267 15
5268 34
5269 83
5270 19
5271 46
5272 56
5273 65
5274 18
5275 31
5276 58
5277 11
5278 91
5279 65
5280 93
5281 46
5282 27
5283 28
5284 89
5285 87
5286 24
5287 68
5288 1
5289 2
5290 57
5291 36
5292 5
5293 38
5294 40
5295 49
5296 70
5297 82
5298 46
5299 27
5300 68
5301 71
5302 99
5303 58
5304 24
5305 23
5306 99
5307 51
5308 71
5309 20
5310 53
5311 50
5312 48
5313 5
5314 82
5315 24
5316 54
5317 57
5318 66
5319 89
5320 3
5321 81
5322 16
5323 96
5324 33
5325 64
5326 55
5327 91
5328 65
5329 3
5330 45
5331 54
5332 26
5333 12
5334 47
5335 61
5336 60
5337 12
5338 68
5339 94
5340 91
5341 97
5342 93
5343 10
5344 16
5345 1
5346 38
5347 67
5348 38
5349 21
5350 38
5351 59
5352 93
5353 78
5354 64
5355 40
5356 5
5357 13
5358 37
5359 27
5360 26
5361 35
5362 83
5363 88
5364 45
5365 84
5366 93
5367 71
5368 38
5369 41
5370 64
5371 89
5372 56
5373 6
5374 63
5375 34
5376 43
5377 38
5378 46
5379 87
5380 53
5381 90
5382 66
5383 2
5384 25
5385 48
5386 37
5387 82
5388 28
5389 20
5390 28
5391 40
5392 65
5393 50
5394 99
5395 47
5396 45
5397 11
5398 4
5399 52
5400 92
5401 43
5402 4
5403 87
5404 91
5405 72
5406 55
5407 82
5408 87
5409 28
5410 39
5411 48
5412 70
5413 37
5414 28
5415 5
5416 38
5417 26
5418 80
5419 40
5420 23
5421 82
5422 90
5423 16
5424 39
5425 76
5426 5
5427 13
5428 45
5429 15
5430 67
5431 83
5432 49
5433 25
5434 31
5435 68
5436 40
5437 11
5438 8
5439 94
5440 79
5441 35
5442 24
5443 60
5444 14
5445 37
5446 78
5447 22
5448 96
5449 57
5450 80
5451 73
5452 6
5453 98
5454 52
5455 13
5456 98
5457 54
5458 93
5459 57
5460 66
5461 33
5462 83
5463 65
5464 45
5465 2
5466 17
5467 4
5468 58
5469 54
5470 68
5471 69
5472 67
5473 88
5474 41
5475 29
5476 37
5477 23
5478 30
5479 99
5480 91
5481 90
5482 89
5483 38
5484 17
5485 61
5486 98
5487 64
5488 76
5489 26
5490 37
5491 96
5492 11
5493 39
5494 25
5495 46
5496 8
5497 92
5498 51
5499 28
5500 50
5501 97
5502 2
5503 53
5504 55
5505 29
5506 71
5507 26
5508 15
5509 54
5510 1
5511 80
5512 8
5513 93
5514 76
5515 69
5516 87
5517 91
5518 4
5519 49
5520 28
5521 37
5522 54
5523 72
5524 57
5525 49
5526 43
5527 78
5528 67
5529 57
5530 60
5531 26
5532 87
5533 90
5534 73
5535 92
5536 51
5537 95
5538 73
5539 71
5540 67
5541 43
5542 35
5543 79
5544 1
5545 62
5546 1
5547 41
5548 61
5549 99
5550 26
5551 47
5552 57
5553 75
5554 38
5555 59
5556 96
5557 26
5558 78
5559 73
5560 61
5561 47
5562 37
5563 73
5564 82
5565 26
5566 23
5567 43
5568 84
5569 34
5570 95
5571 45
5572 5
5573 38
5574 56
5575 3
5576 56
5577 69
5578 14
5579 82
5580 78
5581 69
5582 8
5583 99
5584 10
5585 93
5586 48
5587 65
5588 48
5589 3
5590 14
5591 66
5592 85
5593 97
5594 49
5595 90
5596 47
5597 64
5598 10
5599 13
5600 5
5601 99
5602 58
5603 95
5604 7
5605 26
5606 32
5607 27
5608 84
5609 2
5610 14
5611 37
5612 63
5613 6
5614 74
5615 77
5616 76
5617 5
5618 45
5619 76
5620 36
5621 23
5622 51
5623 30
5624 65
5625 26
5626 92
5627 51
5628 1
5629 69
5630 3
5631 36
5632 37
5633 36
5634 54
5635 33
5636 99
5637 39
5638 51
5639 4
5640 61
5641 98
5642 86
5643 69
5644 12
5645 90
5646 28
5647 37
5648 40
5649 48
5650 12
5651 78
5652 77
5653 67
5654 44
5655 57
5656 56
5657 88
5658 39
5659 11
5660 66
5661 36
5662 38
5663 78
5664 94
5665 86
5666 33
5667 19
5668 89
5669 86
5670 5
5671 18
5672 11
5673 91
5674 68
5675 22
5676 48
5677 20
5678 69
5679 87
5680 79
5681 63
5682 57
5683 6
5684 62
5685 86
5686 51
5687 87
5688 70
5689 70
5690 69
5691 82
5692 11
5693 50
5694 27
5695 8
5696 32
5697 98
5698 54
5699 94
5700 50
5701 19
5702 9
5703 92
5704 22
5705 42
5706 60
5707 64
5708 65
5709 48
5710 47
5711 94
5712 31
5713 52
5714 65
5715 12
5716 88
5717 73
5718 3
5719 91
5720 32
5721 100
5722 59
5723 81
5724 35
5725 14
5726 26
5727 26
5728 1
5729 38
5730 2
5731 45
5732 98
5733 41
5734 49
5735 23
5736 58
5737 67
5738 88
5739 96
5740 96
5741 11
5742 60
5743 7
5744 14
5745 1
5746 7
5747 37
5748 59
5749 51
5750 3
5751 30
5752 8
5753 50
5754 36
5755 67
5756 44
5757 26
5758 55
5759 95
5760 58
5761 28
5762 91
5763 69
5764 73
5765 49
5766 31
5767 88
5768 8
5769 27
5770 71
5771 85
5772 20
5773 1
5774 97
5775 10
5776 27
5777 76
5778 12
5779 24
5780 27
5781 85
5782 24
5783 40
5784 24
5785 92
5786 8
5787 16
5788 71
5789 10
5790 90
5791 9
5792 88
5793 14
5794 85
5795 16
5796 58
5797 62
5798 57
5799 48
5800 23
5801 100
5802 46
5803 71
5804 95
5805 21
5806 79
5807 83
5808 94
5809 83
5810 15
5811 97
5812 35
5813 27
5814 39
5815 49
5816 43
5817 61
5818 4
5819 28
5820 43
5821 51
5822 38
5823 42
5824 82
5825 70
5826 78
5827 96
5828 82
5829 37
5830 45
5831 6
5832 99
5833 100
5834 51
5835 43
5836 65
5837 100
5838 92
5839 29
5840 92
5841 16
5842 85
5843 41
5844 27
5845 60
5846 62
5847 41
5848 41
5849 11
5850 71
5851 72
5852 89
5853 48
5854 1
5855 91
5856 76
5857 34
5858 33
5859 40
5860 73
5861 61
5862 44
5863 5
5864 92
5865 17
5866 94
5867 88
5868 64
5869 85
5870 65
5871 22
5872 59
5873 49
5874 93
5875 23
5876 13
5877 52
5878 50
5879 19
5880 90
5881 81
5882 18
5883 3
5884 33
5885 46
5886 13
5887 11
5888 2
5889 80
5890 43
5891 93
5892 98
5893 3
5894 26
5895 100
5896 38
5897 69
5898 98
5899 14
5900 82
5901 37
5902 90
5903 32
5904 73
5905 25
5906 63
5907 91
5908 99
5909 48
5910 95
5911 92
5912 38
5913 3
5914 32
5915 81
5916 46
5917 97
5918 64
5919 24
5920 88
5921 75
5922 18
5923 9
5924 38
5925 18
5926 67
5927 72
5928 89
5929 82
5930 39
5931 45
5932 76
5933 3
5934 98
5935 80
5936 9
5937 43
5938 68
5939 97
5940 82
5941 60
5942 65
5943 52
5944 94
5945 81
5946 61
5947 15
5948 29
5949 16
5950 56
5951 76
5952 78
5953 2
5954 46
5955 26
5956 12
5957 75
5958 83
5959 17
5960 62
5961 2
5962 37
5963 34
5964 5
5965 56
5966 59
5967 61
5968 55
5969 85
5970 47
5971 94
5972 49
5973 67
5974 52
5975 67
5976 20
5977 39
5978 14
5979 35
5980 42
5981 96
5982 86
5983 32
5984 5
5985 43
5986 69
5987 48
5988 62
5989 89
5990 30
5991 54
5992 16
5993 63
5994 57
5995 4
5996 50
5997 43
5998 100
5999 49
6000 59
6001 50
6002 12
6003 85
6004 1
6005 2
6006 24
6007 72
6008 18
6009 62
6010 22
6011 72
6012 76
6013 12
6014 34
6015 4
6016 19
6017 21
6018 98
6019 81
6020 62
6021 5
6022 12
6023 13
6024 18
6025 27
6026 59
6027 99
6028 55
6029 65
6030 100
6031 18
6032 89
6033 13
6034 52
6035 58
6036 74
6037 44
6038 12
6039 80
6040 75
6041 96
6042 78
6043 91
6044 76
6045 61
6046 88
6047 15
6048 82
6049 92
6050 78
6051 19
6052 4
6053 66
6054 64
6055 60
6056 66
6057 33
6058 50
6059 32
6060 11
6061 70
6062 45
6063 53
6064 85
6065 56
6066 51
6067 1
6068 83
6069 49
6070 74
6071 31
6072 51
6073 38
6074 73
6075 86
6076 42
6077 70
6078 52
6079 63
6080 73
6081 3
6082 3
6083 5
6084 73
6085 73
6086 92
6087 40
6088 24
6089 8
6090 6
6091 69
6092 63
6093 89
6094 1
6095 18
6096 88
6097 66
6098 59
6099 47
6100 73
6101 55
6102 80
6103 21
6104 42
6105 4
6106 79
6107 88
6108 33
6109 43
6110 98
6111 2
6112 32
6113 8
6114 21
6115 91
6116 13
6117 58
6118 70
6119 80
6120 62
6121 2
6122 72
6123 29
6124 98
6125 86
6126 77
6127 16
6128 53
6129 59
6130 94
6131 31
6132 28
6133 91
6134 28
6135 10
6136 17
6137 2
6138 13
6139 29
6140 18
6141 38
6142 74
6143 37
6144 96
6145 86
6146 51
6147 42
6148 8
6149 32
6150 67
6151 30
6152 53
6153 26
6154 39
6155 5
6156 74
6157 38
6158 82
6159 64
6160 20
6161 67
6162 76
6163 9
6164 7
6165 40
6166 28
6167 9
6168 26
6169 17
6170 47
6171 73
6172 12
6173 8
6174 27
6175 28
6176 59
6177 69
6178 33
6179 69
6180 93
6181 71
6182 20
6183 96
6184 74
6185 59
6186 15
6187 11
6188 53
6189 41
6190 10
6191 43
6192 53
6193 2
6194 44
6195 58
6196 71
6197 99
6198 25
6199 11
6200 59
6201 35
6202 63
6203 37
6204 5
6205 4
6206 79
6207 58
6208 71
6209 85
6210 84
6211 16
6212 93
6213 44
6214 31
6215 63
6216 28
6217 23
6218 1
6219 50
6220 55
6221 94
6222 62
6223 78
6224 24
6225 35
6226 70
6227 61
6228 88
6229 75
6230 39
6231 40
6232 99
6233 77
6234 55
6235 100
6236 87
6237 16
6238 56
6239 68
6240 23
6241 98
6242 3
6243 80
6244 71
6245 67
6246 73
6247 35
6248 87
6249 65
6250 17
6251 98
6252 1
6253 86
6254 58
6255 96
6256 85
6257 4
6258 95
6259 10
6260 93
6261 10
6262 26
6263 84
6264 30
6265 87
6266 99
6267 43
6268 22
6269 88
6270 32
6271 98
6272 51
6273 16
6274 18
6275 76
6276 72
6277 47
6278 66
6279 28
6280 35
6281 13
6282 97
6283 27
6284 23
6285 12
6286 93
6287 96
6288 41
6289 32
6290 6
6291 45
6292 63
6293 8
6294 78
6295 67
6296 16
6297 6
6298 38
6299 72
6300 59
6301 25
6302 25
6303 40
6304 3
6305 95
6306 34
6307 88
6308 80
6309 73
6310 54
6311 1
6312 100
6313 79
6314 15
6315 26
6316 17
6317 100
6318 5
6319 9
6320 26
6321 75
6322 4
6323 23
6324 49
6325 66
6326 39
6327 44
6328 93
6329 72
6330 8
6331 37
6332 26
6333 2
6334 100
6335 18
6336 99
6337 71
6338 30
6339 16
6340 34
6341 64
6342 56
6343 51
6344 75
6345 99
6346 43
6347 14
6348 70
6349 12
6350 5
6351 24
6352 54
6353 30
6354 44
6355 47
6356 29
6357 100
6358 57
6359 80
6360 62
6361 99
6362 86
6363 17
6364 95
6365 100
6366 89
6367 59
6368 23
6369 72
6370 55
6371 9
6372 55
6373 1
6374 38
6375 62
6376 14
6377 21
6378 80
6379 63
6380 79
6381 97
6382 36
6383 41
6384 48
6385 23
6386 26
6387 5
6388 57
6389 69
6390 91
6391 19
6392 38
6393 21
6394 3
6395 53
6396 53
6397 63
6398 52
6399 92
6400 4
6401 66
6402 60
6403 42
6404 19
6405 39
6406 15
6407 98
6408 11
6409 9
6410 70
6411 54
6412 24
6413 30
6414 100
6415 55
6416 32
6417 19
6418 11
6419 10
6420 45
6421 45
6422 79
6423 8
6424 92
6425 88
6426 28
6427 60
6428 5
6429 42
6430 1
6431 61
6432 57
6433 97
6434 2
6435 35
6436 53
6437 55
6438 14
6439 95
6440 61
6441 71
6442 46
6443 42
6444 60
6445 56
6446 55
6447 55
6448 51
6449 86
6450 66
6451 29
6452 38
6453 45
6454 39
6455 45
6456 10
6457 50
6458 60
6459 82
6460 38
6461 22
6462 96
6463 82
6464 53
6465 93
6466 16
6467 8
6468 27
6469 36
6470 8
6471 24
6472 56
6473 39
6474 47
6475 7
6476 100
6477 10
6478 78
6479 62
6480 3
6481 56
6482 72
6483 38
6484 64
6485 89
6486 36
6487 68
6488 91
6489 65
6490 3
6491 67
6492 2
6493 70
6494 77
6495 43
6496 70
6497 71
6498 62
6499 82
6500 2
6501 59
6502 94
6503 94
6504 4
6505 69
6506 74
6507 6
6508 11
6509 50
6510 49
6511 17
6512 6
6513 73
6514 28
6515 65
6516 39
6517 76
6518 99
6519 94
6520 4
6521 39
6522 38
6523 40
6524 58
6525 66
6526 59
6527 31
6528 72
6529 49
6530 1
6531 20
6532 61
6533 91
6534 10
6535 89
6536 85
6537 61
6538 10
6539 85
6540 22
6541 48
6542 12
6543 31
6544 23
6545 2
6546 75
6547 91
6548 30
6549 58
6550 26
6551 95
6552 47
6553 22
6554 24
6555 99
6556 9
6557 71
6558 100
6559 7
6560 41
6561 84
6562 32
6563 51
6564 58
6565 37
6566 89
6567 9
6568 56
6569 27
6570 95
6571 62
6572 21
6573 69
6574 91
6575 27
6576 65
6577 65
6578 35
6579 51
6580 98
6581 93
6582 50
6583 38
6584 62
6585 21
6586 13
6587 63
6588 69
6589 65
6590 2
6591 15
6592 66
6593 100
6594 7
6595 45
6596 97
6597 29
6598 7
6599 97
6600 39
6601 95
6602 2
6603 85
6604 19
6605 52
6606 42
6607 28
6608 23
6609 87
6610 99
6611 97
6612 78
6613 70
6614 63
6615 25
6616 87
6617 39
6618 30
6619 29
6620 87
6621 67
6622 34
6623 22
6624 44
6625 74
6626 27
6627 28
6628 36
6629 30
6630 56
6631 70
6632 100
6633 5
6634 10
6635 56
6636 26
6637 14
6638 13
6639 3
6640 90
6641 80
6642 76
6643 6
6644 92
6645 20
6646 25
6647 98
6648 92
6649 46
6650 67
6651 39
6652 58
6653 42
6654 13
6655 66
6656 38
6657 92
6658 52
6659 31
6660 9
6661 4
6662 24
6663 36
6664 78
6665 42
6666 91
6667 41
6668 11
6669 11
6670 32
6671 60
6672 55
6673 29
6674 68
6675 89
6676 57
6677 32
6678 35
6679 38
6680 24
6681 61
6682 55
6683 12
6684 75
6685 81
6686 33
6687 53
6688 40
6689 55
6690 77
6691 83
6692 76
6693 40
6694 94
6695 47
6696 81
6697 4
6698 54
6699 43
6700 97
6701 90
6702 50
6703 94
6704 67
6705 8
6706 87
6707 66
6708 72
6709 5
6710 43
6711 40
6712 100
6713 36
6714 38
6715 32
6716 78
6717 57
6718 59
6719 44
6720 6
6721 48
6722 98
6723 98
6724 55
6725 90
6726 52
6727 27
6728 2
6729 24
6730 31
6731 87
6732 78
6733 32
6734 29
6735 67
6736 8
6737 19
6738 88
6739 81
6740 3
6741 21
6742 36
6743 70
6744 10
6745 50
6746 20
6747 92
6748 43
6749 78
6750 27
6751 31
6752 32
6753 1
6754 43
6755 50
6756 12
6757 73
6758 13
6759 51
6760 99
6761 15
6762 69
6763 47
6764 75
6765 32
6766 23
6767 25
6768 68
6769 92
6770 19
6771 79
6772 87
6773 88
6774 85
6775 98
6776 20
6777 29
6778 86
6779 47
6780 69
6781 94
6782 48
6783 33
6784 99
6785 88
6786 25
6787 39
6788 39
6789 34
6790 52
6791 56
6792 82
6793 3
6794 92
6795 81
6796 75
6797 78
6798 1
6799 61
6800 90
6801 17
6802 21
6803 83
6804 95
6805 63
6806 40
6807 81
6808 68
6809 96
6810 76
6811 89
6812 48
6813 16
6814 20
6815 16
6816 29
6817 51
6818 56
6819 91
6820 5
6821 64
6822 62
6823 66
6824 29
6825 77
6826 97
6827 53
6828 31
6829 72
6830 68
6831 43
6832 2
6833 88
6834 53
6835 17
6836 56
6837 93
6838 35
6839 99
6840 80
6841 55
6842 33
6843 66
6844 50
6845 74
6846 6
6847 50
6848 44
6849 60
6850 66
6851 24
6852 22
6853 32
6854 12
6855 41
6856 54
6857 38
6858 63
6859 45
6860 23
6861 91
6862 78
6863 30
6864 57
6865 15
6866 51
6867 6
6868 98
6869 35
6870 71
6871 95
6872 71
6873 94
6874 17
6875 75
6876 17
6877 52
6878 49
6879 4
6880 83
6881 61
6882 58
6883 9
6884 94
6885 89
6886 24
6887 36
6888 96
6889 68
6890 18
6891 87
6892 74
6893 89
6894 44
6895 39
6896 41
6897 76
6898 84
6899 40
6900 48
6901 93
6902 88
6903 47
6904 61
6905 57
6906 36
6907 95
6908 37
6909 15
6910 19
6911 45
6912 34
6913 40
6914 9
6915 79
6916 92
6917 60
6918 63
6919 88
6920 24
6921 77
6922 3
6923 18
6924 9
6925 98
6926 46
6927 70
6928 72
6929 57
6930 39
6931 93
6932 92
6933 30
6934 90
6935 45
6936 90
6937 64
6938 96
6939 2
6940 32
6941 79
6942 46
6943 47
6944 21
6945 48
6946 89
6947 25
6948 45
6949 68
6950 53
6951 13
6952 8
6953 83
6954 89
6955 43
6956 40
6957 58
6958 27
6959 19
6960 93
6961 45
6962 77
6963 37
6964 43
6965 10
6966 21
6967 86
6968 79
6969 91
6970 58
6971 77
6972 60
6973 19
6974 28
6975 4
6976 53
6977 80
6978 2
6979 70
6980 17
6981 10
6982 74
6983 83
6984 42
6985 100
6986 9
6987 52
6988 90
6989 7
6990 33
6991 6
6992 16
6993 67
6994 57
6995 10
6996 92
6997 62
6998 45
6999 22
7000 55
7001 30
7002 72
7003 38
7004 86
7005 44
7006 79
7007 37
7008 64
7009 6
7010 91
7011 73
7012 87
7013 1
7014 62
7015 66
7016 56
7017 38
7018 34
7019 23
7020 28
7021 4
7022 7
7023 86
7024 9
7025 73
7026 60
7027 58
7028 85
7029 10
7030 22
7031 8
7032 69
7033 25
7034 73
7035 8
7036 85
7037 9
7038 100
7039 22
7040 4
7041 77
7042 36
7043 59
7044 36
7045 62
7046 88
7047 77
7048 72
7049 75
7050 56
7051 72
7052 18
7053 91
7054 20
7055 89
7056 72
7057 10
7058 25
7059 44
7060 98
7061 77
7062 39
7063 13
7064 75
7065 44
7066 46
7067 76
7068 38
7069 58
7070 43
7071 63
7072 80
7073 73
7074 1
7075 14
7076 79
7077 44
7078 34
7079 65
7080 33
7081 86
7082 20
7083 5
7084 55
7085 48
7086 98
7087 8
7088 29
7089 46
7090 52
7091 45
7092 53
7093 28
7094 34
7095 33
7096 48
7097 16
7098 2
7099 32
7100 20
7101 93
7102 48
7103 63
7104 68
7105 13
7106 75
7107 53
7108 37
7109 40
7110 90
7111 2
7112 51
7113 34
7114 29
7115 72
7116 28
7117 60
7118 43
7119 58
7120 1
7121 36
7122 10
7123 72
7124 52
7125 22
7126 93
7127 72
7128 73
7129 95
7130 77
7131 95
7132 45
7133 67
7134 19
7135 11
7136 24
7137 79
7138 22
7139 89
7140 74
7141 78
7142 66
7143 56
7144 59
7145 41
7146 24
7147 52
7148 73
7149 87
7150 60
7151 66
7152 71
7153 2
7154 2
7155 29
7156 15
7157 40
7158 62
7159 2
7160 20
7161 18
7162 44
7163 73
7164 23
7165 75
7166 23
7167 31
7168 8
7169 90
7170 57
7171 88
7172 70
7173 53
7174 20
7175 70
7176 87
7177 46
7178 44
7179 1
7180 85
7181 68
7182 50
7183 59
7184 59
7185 67
7186 49
7187 32
7188 52
7189 33
7190 95
7191 22
7192 35
7193 13
7194 50
7195 46
7196 98
7197 54
7198 42
7199 47
7200 25
7201 90
7202 4
7203 60
7204 8
7205 97
7206 81
7207 22
7208 5
7209 17
7210 22
7211 44
7212 45
7213 39
7214 87
7215 34
7216 41
7217 31
7218 78
7219 78
7220 61
7221 14
7222 33
7223 25
7224 64
7225 5
7226 96
7227 11
7228 8
7229 35
7230 70
7231 98
7232 49
7233 91
7234 8
7235 57
7236 45
7237 84
7238 17
7239 86
7240 24
7241 73
7242 1
7243 52
7244 41
7245 61
7246 56
7247 75
7248 49
7249 14
7250 69
7251 70
7252 82
7253 38
7254 44
7255 15
7256 65
7257 44
7258 69
7259 31
7260 82
7261 95
7262 41
7263 89
7264 94
7265 21
7266 88
7267 45
7268 92
7269 63
7270 80
7271 35
7272 63
7273 84
7274 41
7275 33
7276 96
7277 26
7278 5
7279 78
7280 95
7281 4
7282 23
7283 40
7284 69
7285 46
7286 48
7287 48
7288 73
7289 47
7290 54
7291 43
7292 47
7293 25
7294 85
7295 36
7296 3
7297 44
7298 8
7299 22
7300 38
7301 48
7302 6
7303 100
7304 37
7305 21
7306 35
7307 56
7308 11
7309 61
7310 33
7311 70
7312 56
7313 93
7314 75
7315 84
7316 11
7317 98
7318 17
7319 52
7320 16
7321 91
7322 46
7323 73
7324 21
7325 99
7326 71
7327 75
7328 88
7329 64
7330 61
7331 79
7332 31
7333 67
7334 31
7335 91
7336 99
7337 80
7338 26
7339 84
7340 5
7341 35
7342 82
7343 40
7344 90
7345 25
7346 34
7347 95
7348 83
7349 53
7350 51
7351 34
7352 51
7353 2
7354 97
7355 75
7356 97
7357 81
7358 40
7359 90
7360 33
7361 61
7362 38
7363 56
7364 46
7365 67
7366 15
7367 6
7368 10
7369 13
7370 42
7371 97
7372 59
7373 87
7374 55
7375 100
7376 27
7377 68
7378 63
7379 96
7380 43
7381 7
7382 34
7383 63
7384 68
7385 5
7386 64
7387 16
7388 23
7389 20
7390 86
7391 4
7392 99
7393 19
7394 20
7395 30
7396 76
7397 1
7398 50
7399 38
7400 71
7401 32
7402 60
7403 7
7404 81
7405 18
7406 51
7407 18
7408 62
7409 2
7410 90
7411 35
7412 100
7413 73
7414 1
7415 95
7416 37
7417 69
7418 82
7419 13
7420 70
7421 24
7422 78
7423 26
7424 100
7425 74
7426 78
7427 92
7428 77
7429 96
7430 95
7431 22
7432 5
7433 69
7434 99
7435 39
7436 99
7437 7
7438 84
7439 34
7440 87
7441 83
7442 20
7443 77
7444 38
7445 55
7446 6
7447 61
7448 21
7449 100
7450 51
7451 61
7452 55
7453 40
7454 95
7455 68
7456 30
7457 54
7458 61
7459 26
7460 81
7461 57
7462 64
7463 32
7464 79
7465 4
7466 52
7467 31
7468 88
7469 35
7470 96
7471 83
7472 47
7473 23
7474 52
7475 93
7476 12
7477 32
7478 35
7479 7
7480 24
7481 8
7482 44
7483 32
7484 93
7485 56
7486 63
7487 22
7488 96
7489 47
7490 56
7491 81
7492 79
7493 67
7494 47
7495 54
7496 23
7497 5
7498 78
7499 66
7500 41
7501 45
7502 12
7503 26
7504 92
7505 95
7506 15
7507 27
7508 91
7509 88
7510 30
7511 47
7512 14
7513 31
7514 17
7515 62
7516 53
7517 41
7518 57
7519 92
7520 66
7521 9
7522 59
7523 55
7524 27
7525 63
7526 17
7527 41
7528 65
7529 40
7530 94
7531 57
7532 37
7533 34
7534 52
7535 67
7536 84
7537 97
7538 16
7539 83
7540 30
7541 28
7542 1
7543 66
7544 63
7545 19
7546 12
7547 80
7548 47
7549 99
7550 45
7551 5
7552 24
7553 93
7554 35
7555 14
7556 95
7557 1
7558 31
7559 61
7560 91
7561 93
7562 79
7563 78
7564 82
7565 57
7566 72
7567 26
7568 54
7569 62
7570 31
7571 94
7572 31
7573 60
7574 1
7575 32
7576 91
7577 67
7578 44
7579 16
7580 31
7581 69
7582 66
7583 70
7584 82
7585 73
7586 35
7587 62
7588 53
7589 59
7590 7
7591 86
7592 15
7593 40
7594 17
7595 100
7596 89
7597 59
7598 64
7599 18
7600 25
7601 6
7602 85
7603 71
7604 95
7605 15
7606 50
7607 16
7608 7
7609 34
7610 38
7611 93
7612 12
7613 44
7614 29
7615 59
7616 5
7617 98
7618 99
7619 73
7620 33
7621 76
7622 14
7623 35
7624 55
7625 21
7626 69
7627 55
7628 29
7629 8
7630 88
7631 77
7632 40
7633 70
7634 17
7635 26
7636 13
7637 18
7638 92
7639 68
7640 42
7641 2
7642 100
7643 96
7644 55
7645 83
7646 63
7647 40
7648 80
7649 25
7650 20
7651 65
7652 57
7653 70
7654 20
7655 6
7656 93
7657 25
7658 18
7659 24
7660 76
7661 7
7662 60
7663 69
7664 56
7665 72
7666 12
7667 84
7668 79
7669 60
7670 91
7671 46
7672 72
7673 78
7674 42
7675 3
7676 19
7677 27
7678 74
7679 36
7680 26
7681 32
7682 46
7683 5
7684 43
7685 57
7686 100
7687 97
7688 80
7689 38
7690 1
7691 38
7692 59
7693 20
7694 76
7695 82
7696 70
7697 37
7698 5
7699 3
7700 6
7701 66
7702 83
7703 3
7704 41
7705 62
7706 18
7707 65
7708 41
7709 87
7710 11
7711 92
7712 73
7713 80
7714 32
7715 2
7716 95
7717 38
7718 80
7719 76
7720 76
7721 77
7722 57
7723 13
7724 25
7725 68
7726 87
7727 46
7728 67
7729 86
7730 32
7731 98
7732 21
7733 11
7734 15
7735 34
7736 33
7737 17
7738 7
7739 42
7740 73
7741 60
7742 38
7743 44
7744 81
7745 86
7746 98
7747 59
7748 51
7749 41
7750 11
7751 49
7752 29
7753 43
7754 70
7755 53
7756 59
7757 35
7758 15
7759 3
7760 77
7761 57
7762 90
7763 70
7764 54
7765 40
7766 13
7767 29
7768 60
7769 25
7770 70
7771 23
7772 42
7773 21
7774 15
7775 68
7776 96
7777 52
7778 72
7779 100
7780 17
7781 29
7782 28
7783 10
7784 4
7785 98
7786 89
7787 71
7788 53
7789 48
7790 62
7791 31
7792 66
7793 44
7794 26
7795 85
7796 98
7797 77
7798 19
7799 70
7800 95
7801 13
7802 9
7803 23
7804 33
7805 15
7806 42
7807 80
7808 39
7809 56
7810 39
7811 89
7812 17
7813 15
7814 29
7815 48
7816 87
7817 91
7818 57
7819 30
7820 26
7821 80
7822 73
7823 31
7824 89
7825 97
7826 61
7827 2
7828 32
7829 92
7830 51
7831 10
7832 96
7833 65
7834 72
7835 14
7836 26
7837 98
7838 35
7839 51
7840 23
7841 36
7842 83
7843 99
7844 33
7845 94
7846 88
7847 39
7848 44
7849 19
7850 99
7851 22
7852 19
7853 46
7854 80
7855 42
7856 26
7857 6
7858 46
7859 69
7860 98
7861 12
7862 55
7863 81
7864 9
7865 49
7866 81
7867 56
7868 17
7869 37
7870 49
7871 38
7872 7
7873 62
7874 82
7875 60
7876 46
7877 79
7878 62
7879 35
7880 10
7881 72
7882 62
7883 100
7884 76
7885 3
7886 52
7887 19
7888 18
7889 49
7890 14
7891 54
7892 49
7893 35
7894 60
7895 70
7896 97
7897 89
7898 87
7899 86
7900 41
7901 20
7902 74
7903 25
7904 90
7905 84
7906 55
7907 59
7908 27
7909 49
7910 55
7911 95
7912 17
7913 27
7914 10
7915 91
7916 45
7917 34
7918 35
7919 61
7920 55
7921 60
7922 96
7923 98
7924 4
7925 81
7926 34
7927 67
7928 36
7929 89
7930 63
7931 71
7932 38
7933 12
7934 4
7935 28
7936 31
7937 4
7938 35
7939 73
7940 74
7941 69
7942 20
7943 21
7944 25
7945 33
7946 68
7947 31
7948 13
7949 72
7950 38
7951 33
7952 55
7953 65
7954 56
7955 100
7956 12
7957 7
7958 41
7959 82
7960 63
7961 9
7962 7
7963 19
7964 58
7965 65
7966 13
7967 6
7968 3
7969 61
7970 72
7971 96
7972 4
7973 54
7974 63
7975 15
7976 27
7977 9
7978 31
7979 24
7980 36
7981 76
7982 60
7983 99
7984 37
7985 98
7986 23
7987 76
7988 93
7989 13
7990 97
7991 60
7992 20
7993 45
7994 59
7995 3
7996 99
7997 42
7998 83
7999 100
8000 79
8001 58
8002 2
8003 55
8004 97
8005 61
8006 80
8007 5
8008 57
8009 78
8010 12
8011 11
8012 24
8013 31
8014 23
8015 95
8016 97
8017 78
8018 40
8019 11
8020 62
8021 42
8022 78
8023 24
8024 9
8025 9
8026 82
8027 77
8028 69
8029 99
8030 39
8031 70
8032 72
8033 9
8034 44
8035 18
8036 68
8037 25
8038 33
8039 1
8040 25
8041 42
8042 6
8043 35
8044 83
8045 24
8046 30
8047 48
8048 71
8049 8
8050 79
8051 60
8052 4
8053 91
8054 88
8055 88
8056 37
8057 9
8058 36
8059 36
8060 6
8061 97
8062 53
8063 96
8064 72
8065 49
8066 62
8067 2
8068 78
8069 71
8070 57
8071 89
8072 58
8073 31
8074 10
8075 96
8076 61
8077 68
8078 84
8079 71
8080 7
8081 6
8082 53
8083 19
8084 67
8085 7
8086 55
8087 66
8088 79
8089 85
8090 18
8091 49
8092 12
8093 52
8094 37
8095 54
8096 49
8097 73
8098 12
8099 41
8100 98
8101 86
8102 15
8103 91
8104 60
8105 71
8106 26
8107 67
8108 8
8109 62
8110 55
8111 20
8112 77
8113 79
8114 50
8115 21
8116 58
8117 39
8118 58
8119 51
8120 38
8121 41
8122 27
8123 70
8124 71
8125 63
8126 59
8127 39
8128 78
8129 31
8130 51
8131 46
8132 65
8133 83
8134 45
8135 49
8136 43
8137 1
8138 53
8139 34
8140 26
8141 55
8142 21
8143 87
8144 22
8145 59
8146 68
8147 20
8148 70
8149 42
8150 27
8151 39
8152 43
8153 37
8154 87
8155 66
8156 77
8157 11
8158 3
8159 16
8160 43
8161 82
8162 75
8163 94
8164 3
8165 58
8166 21
8167 55
8168 59
8169 72
8170 100
8171 8
8172 35
8173 39
8174 75
8175 67
8176 25
8177 14
8178 74
8179 54
8180 43
8181 21
8182 64
8183 62
8184 75
8185 78
8186 51
8187 33
8188 72
8189 7
8190 53
8191 65
8192 33
8193 38
8194 23
8195 75
8196 20
8197 74
8198 97
8199 39
8200 9
8201 58
8202 73
8203 74
8204 60
8205 41
8206 65
8207 42
8208 42
8209 16
8210 5
8211 15
8212 16
8213 83
8214 58
8215 83
8216 27
8217 42
8218 2
8219 39
8220 64
8221 100
8222 8
8223 62
8224 18
8225 55
8226 11
8227 8
8228 79
8229 36
8230 31
8231 35
8232 63
8233 10
8234 4
8235 74
8236 73
8237 65
8238 84
8239 54
8240 13
8241 56
8242 47
8243 25
8244 18
8245 21
8246 45
8247 95
8248 73
8249 42
8250 85
8251 73
8252 14
8253 73
8254 46
8255 94
8256 60
8257 29
8258 40
8259 21
8260 97
8261 55
8262 8
8263 96
8264 95
8265 48
8266 48
8267 67
8268 66
8269 61
8270 46
8271 40
8272 94
8273 48
8274 11
8275 30
8276 33
8277 74
8278 77
8279 18
8280 91
8281 11
8282 99
8283 94
8284 22
8285 19
8286 89
8287 71
8288 2
8289 60
8290 21
8291 54
8292 21
8293 91
8294 4
8295 62
8296 32
8297 63
8298 69
8299 1
8300 98
8301 90
8302 23
8303 51
8304 57
8305 87
8306 82
8307 61
8308 72
8309 55
8310 94
8311 64
8312 28
8313 39
8314 13
8315 55
8316 68
8317 6
8318 83
8319 71
8320 99
8321 12
8322 70
8323 60
8324 60
8325 37
8326 63
8327 57
8328 70
8329 29
8330 44
8331 12
8332 74
8333 2
8334 65
8335 89
8336 67
8337 33
8338 7
8339 39
8340 16
8341 7
8342 32
8343 4
8344 89
8345 87
8346 33
8347 74
8348 19
8349 93
8350 86
8351 58
8352 42
8353 41
8354 40
8355 2
8356 22
8357 41
8358 9
8359 84
8360 54
8361 17
8362 56
8363 1
8364 14
8365 21
8366 59
8367 32
8368 66
8369 22
8370 23
8371 3
8372 1
8373 27
8374 55
8375 36
8376 100
8377 28
8378 14
8379 69
8380 12
8381 20
8382 3
8383 22
8384 24
8385 27
8386 58
8387 73
8388 90
8389 54
8390 42
8391 84
8392 70
8393 55
8394 57
8395 19
8396 29
8397 50
8398 49
8399 9
8400 96
8401 94
8402 73
8403 13
8404 90
8405 71
8406 67
8407 74
8408 2
8409 44
8410 98
8411 7
8412 59
8413 28
8414 2
8415 21
8416 50
8417 58
8418 49
8419 35
8420 10
8421 73
8422 69
8423 97
8424 16
8425 67
8426 24
8427 38
8428 16
8429 10
8430 38
8431 40
8432 40
8433 81
8434 37
8435 85
8436 40
8437 26
8438 83
8439 27
8440 32
8441 93
8442 5
8443 1
8444 47
8445 61
8446 95
8447 29
8448 29
8449 86
8450 28
8451 66
8452 11
8453 77
8454 44
8455 15
8456 10
8457 57
8458 73
8459 35
8460 86
8461 20
8462 43
8463 100
8464 66
8465 88
8466 28
8467 4
8468 82
8469 8
8470 61
8471 90
8472 1
8473 93
8474 31
8475 34
8476 85
8477 46
8478 78
8479 72
8480 83
8481 79
8482 60
8483 29
8484 52
8485 27
8486 9
8487 93
8488 98
8489 73
8490 70
8491 53
8492 24
8493 17
8494 37
8495 11
8496 71
8497 65
8498 1
8499 12
8500 70
8501 38
8502 59
8503 5
8504 37
8505 50
8506 93
8507 22
8508 100
8509 91
8510 31
8511 46
8512 22
8513 37
8514 100
8515 9
8516 87
8517 26
8518 22
8519 73
8520 99
8521 31
8522 74
8523 80
8524 74
8525 76
8526 86
8527 19
8528 21
8529 33
8530 5
8531 83
8532 90
8533 36
8534 79
8535 98
8536 84
8537 50
8538 18
8539 53
8540 65
8541 5
8542 17
8543 73
8544 57
8545 4
8546 52
8547 1
8548 92
8549 99
8550 25
8551 85
8552 77
8553 51
8554 82
8555 9
8556 20
8557 66
8558 47
8559 69
8560 30
8561 44
8562 71
8563 61
8564 22
8565 89
8566 23
8567 58
8568 82
8569 35
8570 83
8571 80
8572 24
8573 80
8574 98
8575 47
8576 53
8577 69
8578 57
8579 37
8580 13
8581 70
8582 83
8583 70
8584 77
8585 5
8586 88
8587 50
8588 69
8589 99
8590 84
8591 36
8592 96
8593 2
8594 84
8595 93
8596 83
8597 90
8598 32
8599 45
8600 20
8601 39
8602 27
8603 69
8604 69
8605 19
8606 40
8607 25
8608 56
8609 30
8610 86
8611 57
8612 20
8613 10
8614 4
8615 63
8616 29
8617 94
8618 96
8619 97
8620 54
8621 26
8622 1
8623 14
8624 77
8625 16
8626 90
8627 83
8628 9
8629 18
8630 10
8631 66
8632 84
8633 88
8634 23
8635 67
8636 35
8637 3
8638 9
8639 35
8640 11
8641 8
8642 36
8643 62
8644 98
8645 95
8646 88
8647 2
8648 55
8649 8
8650 72
8651 30
8652 26
8653 19
8654 58
8655 85
8656 60
8657 96
8658 96
8659 63
8660 64
8661 62
8662 53
8663 66
8664 64
8665 25
8666 26
8667 63
8668 79
8669 7
8670 83
8671 41
8672 15
8673 92
8674 13
8675 67
8676 18
8677 74
8678 27
8679 49
8680 58
8681 44
8682 78
8683 63
8684 10
8685 99
8686 83
8687 54
8688 34
8689 15
8690 83
8691 73
8692 55
8693 49
8694 21
8695 98
8696 95
8697 14
8698 80
8699 31
8700 12
8701 24
8702 7
8703 46
8704 91
8705 52
8706 76
8707 88
8708 73
8709 94
8710 85
8711 85
8712 66
8713 94
8714 74
8715 62
8716 78
8717 62
8718 39
8719 33
8720 57
8721 94
8722 93
8723 82
8724 71
8725 68
8726 82
8727 83
8728 73
8729 78
8730 98
8731 14
8732 47
8733 13
8734 25
8735 63
8736 67
8737 13
8738 63
8739 33
8740 82
8741 93
8742 14
8743 82
8744 91
8745 86
8746 11
8747 78
8748 90
8749 27
8750 20
8751 66
8752 63
8753 47
8754 50
8755 65
8756 3
8757 94
8758 27
8759 4
8760 10
8761 47
8762 51
8763 72
8764 32
8765 15
8766 50
8767 96
8768 63
8769 32
8770 30
8771 59
8772 95
8773 100
8774 29
8775 67
8776 49
8777 49
8778 45
8779 48
8780 97
8781 6
8782 100
8783 64
8784 30
8785 12
8786 21
8787 95
8788 72
8789 64
8790 70
8791 64
8792 98
8793 4
8794 32
8795 98
8796 82
8797 57
8798 63
8799 45
8800 39
8801 23
8802 77
8803 1
8804 82
8805 1
8806 40
8807 94
8808 17
8809 93
8810 41
8811 38
8812 95
8813 96
8814 81
8815 88
8816 16
8817 79
8818 18
8819 66
8820 70
8821 89
8822 62
8823 46
8824 22
8825 33
8826 28
8827 83
8828 42
8829 48
8830 39
8831 6
8832 8
8833 72
8834 85
8835 3
8836 91
8837 4
8838 45
8839 41
8840 17
8841 91
8842 86
8843 86
8844 22
8845 13
8846 73
8847 26
8848 40
8849 26
8850 62
8851 96
8852 4
8853 86
8854 38
8855 39
8856 21
8857 22
8858 19
8859 91
8860 64
8861 24
8862 65
8863 54
8864 84
8865 69
8866 78
8867 94
8868 48
8869 84
8870 62
8871 69
8872 7
8873 96
8874 1
8875 28
8876 88
8877 80
8878 85
8879 78
8880 42
8881 83
8882 20
8883 65
8884 75
8885 34
8886 99
8887 59
8888 66
8889 15
8890 30
8891 6
8892 3
8893 59
8894 37
8895 18
8896 21
8897 32
8898 7
8899 41
8900 35
8901 66
8902 77
8903 21
8904 54
8905 46
8906 21
8907 42
8908 34
8909 98
8910 93
8911 35
8912 63
8913 52
8914 32
8915 55
8916 79
8917 50
8918 1
8919 37
8920 27
8921 67
8922 12
8923 77
8924 76
8925 28
8926 26
8927 34
8928 90
8929 67
8930 72
8931 48
8932 16
8933 49
8934 63
8935 47
8936 42
8937 59
8938 19
8939 22
8940 11
8941 14
8942 73
8943 67
8944 5
8945 15
8946 23
8947 8
8948 24
8949 98
8950 33
8951 55
8952 44
8953 96
8954 34
8955 19
8956 3
8957 61
8958 58
8959 54
8960 19
8961 48
8962 33
8963 11
8964 56
8965 54
8966 12
8967 1
8968 27
8969 73
8970 25
8971 67
8972 60
8973 33
8974 57
8975 100
8976 38
8977 54
8978 1
8979 79
8980 49
8981 57
8982 13
8983 39
8984 11
8985 1
8986 47
8987 36
8988 96
8989 34
8990 83
8991 21
8992 92
8993 46
8994 39
8995 83
8996 43
8997 68
8998 8
8999 60
9000 38
9001 66
9002 22
9003 38
9004 57
9005 10
9006 53
9007 47
9008 69
9009 39
9010 80
9011 32
9012 10
9013 80
9014 74
9015 18
9016 45
9017 6
9018 96
9019 1
9020 78
9021 25
9022 70
9023 52
9024 14
9025 32
9026 86
9027 11
9028 1
9029 80
9030 11
9031 100
9032 97
9033 20
9034 27
9035 45
9036 37
9037 54
9038 41
9039 47
9040 30
9041 36
9042 62
9043 16
9044 37
9045 62
9046 55
9047 75
9048 83
9049 88
9050 31
9051 80
9052 29
9053 55
9054 4
9055 87
9056 15
9057 12
9058 77
9059 43
9060 69
9061 81
9062 49
9063 52
9064 10
9065 25
9066 82
9067 10
9068 65
9069 60
9070 85
9071 46
9072 93
9073 8
9074 79
9075 58
9076 80
9077 43
9078 42
9079 20
9080 44
9081 73
9082 99
9083 44
9084 83
9085 70
9086 67
9087 54
9088 97
9089 49
9090 92
9091 40
9092 16
9093 72
9094 66
9095 26
9096 60
9097 71
9098 55
9099 37
9100 25
9101 37
9102 20
9103 74
9104 58
9105 39
9106 86
9107 98
9108 40
9109 20
9110 58
9111 55
9112 40
9113 70
9114 85
9115 10
9116 46
9117 38
9118 76
9119 85
9120 99
9121 18
9122 43
9123 13
9124 57
9125 97
9126 9
9127 48
9128 27
9129 80
9130 77
9131 64
9132 84
9133 25
9134 52
9135 40
9136 93
9137 84
9138 27
9139 96
9140 100
9141 57
9142 6
9143 53
9144 43
9145 71
9146 91
9147 12
9148 98
9149 26
9150 23
9151 7
9152 1
9153 93
9154 32
9155 66
9156 78
9157 23
9158 48
9159 19
9160 27
9161 27
9162 16
9163 93
9164 3
9165 71
9166 27
9167 51
9168 35
9169 41
9170 55
9171 13
9172 21
9173 81
9174 20
9175 50
9176 49
9177 32
9178 61
9179 25
9180 40
9181 79
9182 71
9183 1
9184 71
9185 13
9186 44
9187 19
9188 88
9189 86
9190 77
9191 47
9192 92
9193 91
9194 17
9195 75
9196 17
9197 67
9198 78
9199 61
9200 59
9201 37
9202 69
9203 28
9204 99
9205 97
9206 94
9207 18
9208 2
9209 77
9210 82
9211 1
9212 32
9213 96
9214 58
9215 43
9216 37
9217 34
9218 21
9219 89
9220 10
9221 43
9222 29
9223 39
9224 99
9225 26
9226 71
9227 82
9228 8
9229 14
9230 37
9231 92
9232 21
9233 40
9234 94
9235 74
9236 33
9237 88
9238 97
9239 84
9240 55
9241 47
9242 54
9243 8
9244 26
9245 58
9246 63
9247 97
9248 44
9249 76
9250 94
9251 79
9252 22
9253 2
9254 53
9255 68
9256 26
9257 71
9258 30
9259 51
9260 30
9261 52
9262 16
9263 77
9264 33
9265 86
9266 45
9267 21
9268 64
9269 15
9270 58
9271 69
9272 59
9273 40
9274 30
9275 87
9276 41
9277 84
9278 21
9279 38
9280 42
9281 75
9282 88
9283 93
9284 85
9285 90
9286 83
9287 66
9288 67
9289 54
9290 35
9291 81
9292 3
9293 48
9294 55
9295 92
9296 83
9297 35
9298 34
9299 63
9300 55
9301 70
9302 59
9303 53
9304 22
9305 13
9306 1
9307 65
9308 86
9309 59
9310 54
9311 24
9312 21
9313 95
9314 22
9315 76
9316 10
9317 47
9318 64
9319 65
9320 17
9321 35
9322 73
9323 80
9324 61
9325 19
9326 46
9327 33
9328 63
9329 83
9330 94
9331 47
9332 60
9333 67
9334 49
9335 92
9336 64
9337 47
9338 27
9339 23
9340 65
9341 47
9342 8
9343 77
9344 4
9345 12
9346 40
9347 86
9348 14
9349 82
9350 4
9351 29
9352 60
9353 38
9354 25
9355 13
9356 93
9357 100
9358 29
9359 11
9360 78
9361 18
9362 60
9363 82
9364 77
9365 5
9366 36
9367 37
9368 21
9369 80
9370 13
9371 79
9372 37
9373 34
9374 84
9375 86
9376 7
9377 30
9378 71
9379 25
9380 41
9381 79
9382 3
9383 45
9384 88
9385 18
9386 82
9387 35
9388 2
9389 51
9390 88
9391 88
9392 10
9393 68
9394 73
9395 18
9396 42
9397 2
9398 79
9399 74
9400 1
9401 29
9402 67
9403 83
9404 15
9405 95
9406 94
9407 34
9408 6
9409 29
9410 51
9411 5
9412 71
9413 69
9414 92
9415 31
9416 26
9417 25
9418 97
9419 78
9420 66
9421 74
9422 98
9423 46
9424 33
9425 93
9426 16
9427 65
9428 9
9429 42
9430 8
9431 93
9432 57
9433 47
9434 51
9435 70
9436 2
9437 4
9438 70
9439 47
9440 98
9441 57
9442 18
9443 41
9444 31
9445 81
9446 1
9447 64
9448 68
9449 50
9450 57
9451 42
9452 2
9453 78
9454 17
9455 45
9456 14
9457 33
9458 45
9459 27
9460 3
9461 70
9462 10
9463 47
9464 39
9465 68
9466 35
9467 9
9468 84
9469 9
9470 68
9471 59
9472 97
9473 34
9474 54
9475 4
9476 13
9477 62
9478 13
9479 87
9480 96
9481 65
9482 46
9483 16
9484 38
9485 50
9486 3
9487 39
9488 61
9489 88
9490 57
9491 66
9492 47
9493 38
9494 40
9495 39
9496 21
9497 34
9498 31
9499 35
9500 2
9501 43
9502 44
9503 47
9504 65
9505 64
9506 7
9507 9
9508 79
9509 61
9510 51
9511 71
9512 85
9513 98
9514 89
9515 14
9516 45
9517 7
9518 10
9519 22
9520 79
9521 2
9522 75
9523 12
9524 71
9525 37
9526 76
9527 87
9528 62
9529 47
9530 22
9531 72
9532 23
9533 70
9534 82
9535 50
9536 65
9537 11
9538 72
9539 33
9540 27
9541 25
9542 28
9543 47
9544 3
9545 1
9546 45
9547 47
9548 12
9549 92
9550 92
9551 63
9552 58
9553 95
9554 92
9555 80
9556 12
9557 95
9558 72
9559 77
9560 90
9561 93
9562 76
9563 28
9564 57
9565 53
9566 22
9567 46
9568 13
9569 67
9570 29
9571 38
9572 98
9573 95
9574 5
9575 72
9576 6
9577 10
9578 26
9579 44
9580 98
9581 63
9582 86
9583 90
9584 20
9585 76
9586 31
9587 23
9588 62
9589 62
9590 69
9591 34
9592 65
9593 98
9594 26
9595 36
9596 13
9597 9
9598 15
9599 93
9600 61
9601 1
9602 67
9603 31
9604 31
9605 39
9606 4
9607 46
9608 6
9609 34
9610 53
9611 75
9612 8
9613 20
9614 8
9615 75
9616 95
9617 67
9618 8
9619 11
9620 32
9621 91
9622 95
9623 2
9624 64
9625 4
9626 3
9627 18
9628 50
9629 77
9630 7
9631 20
9632 49
9633 35
9634 49
9635 8
9636 87
9637 48
9638 10
9639 57
9640 60
9641 39
9642 26
9643 63
9644 62
9645 92
9646 70
9647 22
9648 69
9649 73
9650 12
9651 58
9652 19
9653 88
9654 30
9655 16
9656 53
9657 34
9658 48
9659 57
9660 18
9661 2
9662 8
9663 15
9664 62
9665 70
9666 96
9667 2
9668 38
9669 62
9670 59
9671 92
9672 99
9673 82
9674 32
9675 100
9676 88
9677 90
9678 76
9679 6
9680 49
9681 26
9682 38
9683 32
9684 54
9685 29
9686 14
9687 49
9688 86
9689 67
9690 36
9691 62
9692 46
9693 99
9694 44
9695 22
9696 59
9697 74
9698 2
9699 48
9700 39
9701 86
9702 55
9703 76
9704 58
9705 63
9706 83
9707 55
9708 89
9709 23
9710 18
9711 56
9712 100
9713 59
9714 35
9715 51
9716 38
9717 5
9718 55
9719 93
9720 14
9721 57
9722 15
9723 15
9724 81
9725 45
9726 41
9727 56
9728 79
9729 16
9730 2
9731 74
9732 79
9733 24
9734 42
9735 13
9736 95
9737 30
9738 35
9739 39
9740 9
9741 43
9742 15
9743 48
9744 56
9745 34
9746 62
9747 5
9748 11
9749 45
9750 45
9751 76
9752 97
9753 63
9754 74
9755 19
9756 45
9757 71
9758 40
9759 94
9760 4
9761 30
9762 38
9763 48
9764 90
9765 31
9766 7
9767 7
9768 34
9769 76
9770 69
9771 96
9772 10
9773 1
9774 49
9775 81
9776 3
9777 65
9778 15
9779 97
9780 21
9781 52
9782 16
9783 6
9784 83
9785 25
9786 52
9787 42
9788 63
9789 90
9790 45
9791 48
9792 73
9793 62
9794 74
9795 43
9796 3
9797 11
9798 68
9799 58
9800 69
9801 59
9802 37
9803 70
9804 90
9805 66
9806 46
9807 29
9808 27
9809 30
9810 43
9811 31
9812 55
9813 31
9814 7
9815 86
9816 49
9817 83
9818 90
9819 1
9820 18
9821 57
9822 100
9823 78
9824 71
9825 98
9826 58
9827 22
9828 99
9829 97
9830 48
9831 5
9832 93
9833 36
9834 34
9835 90
9836 30
9837 17
9838 48
9839 14
9840 90
9841 34
9842 46
9843 52
9844 90
9845 10
9846 32
9847 42
9848 97
9849 28
9850 83
9851 71
9852 3
9853 69
9854 5
9855 52
9856 52
9857 32
9858 27
9859 78
9860 69
9861 73
9862 54
9863 17
9864 75
9865 12
9866 12
9867 27
9868 21
9869 54
9870 77
9871 57
9872 23
9873 74
9874 62
9875 95
9876 45
9877 72
9878 89
9879 88
9880 13
9881 10
9882 11
9883 28
9884 26
9885 73
9886 63
9887 85
9888 94
9889 6
9890 73
9891 1
9892 71
9893 18
9894 79
9895 78
9896 74
9897 41
9898 11
9899 29
9900 76
9901 74
9902 66
9903 57
9904 46
9905 77
9906 49
9907 84
9908 57
9909 77
9910 79
9911 65
9912 96
9913 40
9914 19
9915 92
9916 34
9917 74
9918 48
9919 66
9920 8
9921 38
9922 35
9923 61
9924 75
9925 1
9926 96
9927 4
9928 42
9929 12
9930 28
9931 69
9932 63
9933 57
9934 95
9935 32
9936 48
9937 10
9938 75
9939 32
9940 58
9941 42
9942 75
9943 32
9944 82
9945 14
9946 86
9947 36
9948 4
9949 8
9950 23
9951 27
9952 33
9953 90
9954 17
9955 1
9956 17
9957 9
9958 87
9959 26
9960 71
9961 38
9962 7
9963 18
9964 73
9965 86
9966 12
9967 60
9968 3
9969 71
9970 75
9971 2
9972 67
9973 95
9974 83
9975 54
9976 31
9977 12
9978 93
9979 87
9980 68
9981 6
9982 23
9983 92
9984 87
9985 8
9986 75
9987 90
9988 14
9989 51
9990 73
9991 45
9992 81
9993 49
9994 11
9995 48
9996 79
9997 66
9998 17
9999 62
10000 45
