0 120
1 192
2 130
3 169
4 151
5 199
6 189
7 195
8 122
9 129
10 152
11 154
12 148
13 157
14 165
15 161
16 141
17 178
18 100
19 147
20 187
21 193
22 147
23 138
24 171
25 192
26 114
27 138
28 184
29 162
30 198
31 142
32 191
33 111
34 183
35 188
36 153
37 195
38 165
39 151
40 169
41 123
42 104
43 118
44 130
45 155
46 191
47 112
48 130
49 103
50 133
51 193
52 167
53 138
54 111
55 117
56 125
57 138
58 152
59 144
60 185
61 193
62 123
63 156
64 149
65 198
66 187
67 187
68 111
69 164
70 125
71 182
72 111
73 188
74 150
75 150
76 154
77 195
78 161
79 154
80 156
81 101
82 104
83 124
84 188
85 122
86 123
87 126
88 183
89 158
90 148
91 170
92 137
93 154
94 195
95 105
96 111
97 101
98 190
99 179
100 199
101 136
102 136
103 195
104 187
105 182
106 156
107 156
108 142
109 117
110 144
111 110
112 147
113 150
114 140
115 164
116 163
117 183
118 140
119 107
120 167
121 144
122 101
123 161
124 187
125 120
126 174
127 178
128 150
129 137
130 164
131 124
132 156
133 130
134 128
135 113
136 164
137 191
138 180
139 117
140 132
141 196
142 183
143 100
144 119
145 110
146 140
147 169
148 105
149 184
150 167
151 148
152 122
153 122
154 171
155 171
156 198
157 124
158 198
159 136
160 186
161 198
162 138
163 180
164 190
165 102
166 198
167 121
168 165
169 109
170 141
171 130
172 115
173 165
174 135
175 172
176 125
177 182
178 179
179 149
180 102
181 114
182 123
183 199
184 105
185 183
186 112
187 157
188 156
189 135
190 180
191 198
192 105
193 165
194 162
195 192
196 114
197 105
198 135
199 138
200 109
201 145
202 118
203 172
204 103
205 160
206 126
207 149
208 141
209 193
210 129
211 107
212 105
213 113
214 132
215 199
216 194
217 158
218 128
219 112
220 194
221 172
222 130
223 164
224 195
225 167
226 195
227 193
228 198
229 181
230 176
231 116
232 191
233 152
234 160
235 189
236 112
237 189
238 135
239 114
240 165
241 113
242 113
243 114
244 152
245 126
246 137
247 144
248 125
249 110
250 154
251 112
252 143
253 133
254 102
255 149
256 122
257 146
258 115
259 136
260 160
261 172
262 181
263 163
264 177
265 180
266 138
267 106
268 181
269 131
270 108
271 110
272 147
273 185
274 176
275 197
276 113
277 181
278 142
279 164
280 151
281 150
282 160
283 191
284 107
285 156
286 163
287 158
288 112
289 164
290 159
291 155
292 165
293 164
294 138
295 187
296 127
297 159
298 107
299 165
300 108
301 154
302 184
303 171
304 149
305 192
306 185
307 166
308 160
309 188
310 176
311 140
312 127
313 177
314 185
315 142
316 169
317 102
318 192
319 166
320 176
321 119
322 182
323 144
324 164
325 150
326 192
327 172
328 147
329 104
330 101
331 192
332 114
333 162
334 162
335 173
336 114
337 139
338 157
339 150
340 159
341 166
342 185
343 132
344 123
345 153
346 191
347 143
348 112
349 161
350 102
351 143
352 147
353 102
354 147
355 162
356 145
357 116
358 191
359 172
360 155
361 144
362 155
363 180
364 132
365 165
366 180
367 113
368 182
369 167
370 103
371 172
372 195
373 101
374 144
375 144
376 159
377 188
378 143
379 107
380 173
381 187
382 183
383 193
384 150
385 164
386 137
387 168
388 124
389 163
390 174
391 138
392 186
393 177
394 143
395 106
396 123
397 178
398 126
399 116
400 109
401 189
402 110
403 140
404 113
405 115
406 101
407 109
408 164
409 164
410 118
411 158
412 118
413 159
414 180
415 117
416 190
417 118
418 190
419 175
420 144
421 137
422 165
423 159
424 111
425 152
426 151
427 166
428 111
429 137
430 171
431 160
432 131
433 150
434 135
435 170
436 189
437 173
438 142
439 195
440 165
441 172
442 135
443 131
444 145
445 159
446 182
447 107
448 173
449 164
450 162
451 135
452 113
453 103
454 105
455 141
456 188
457 171
458 168
459 140
460 147
461 148
462 130
463 131
464 135
465 116
466 131
467 124
468 127
469 110
470 176
471 141
472 192
473 184
474 107
475 198
476 109
477 183
478 149
479 162
480 146
481 137
482 116
483 143
484 159
485 127
486 106
487 199
488 132
489 123
490 106
491 179
492 103
493 156
494 145
495 199
496 168
497 182
498 197
499 187
500 176
501 180
502 159
503 120
504 121
505 145
506 127
507 118
508 174
509 175
510 157
511 129
512 164
513 178
514 133
515 168
516 115
517 197
518 125
519 183
520 116
521 137
522 140
523 119
524 178
525 143
526 192
527 128
528 166
529 113
530 156
531 155
532 177
533 135
534 128
535 120
536 128
537 187
538 175
539 111
540 187
541 185
542 168
543 168
544 182
545 137
546 149
547 113
548 123
549 157
550 170
551 124
552 193
553 162
554 182
555 117
556 143
557 147
558 121
559 198
560 107
561 101
562 147
563 157
564 133
565 129
566 167
567 158
568 178
569 177
570 140
571 163
572 183
573 149
574 130
575 142
576 172
577 197
578 116
579 196
580 170
581 174
582 125
583 105
584 143
585 173
586 169
587 115
588 103
589 108
590 107
591 162
592 192
593 153
594 158
595 199
596 103
597 141
598 101
599 109
600 136
601 181
602 188
603 147
604 107
605 104
606 196
607 138
608 163
609 119
610 193
611 152
612 141
613 129
614 107
615 161
616 149
617 101
618 186
619 131
620 184
621 138
622 141
623 123
624 148
625 105
626 171
627 133
628 122
629 130
630 106
631 172
632 101
633 158
634 134
635 175
636 171
637 115
638 169
639 103
640 113
641 119
642 154
643 173
644 108
645 128
646 140
647 199
648 191
649 187
650 106
651 166
652 149
653 121
654 135
655 139
656 158
657 152
658 136
659 150
660 147
661 111
662 155
663 151
664 167
665 178
666 150
667 173
668 123
669 136
670 179
671 113
672 194
673 165
674 128
675 157
676 133
677 144
678 160
679 147
680 173
681 164
682 160
683 146
684 135
685 128
686 158
687 152
688 115
689 119
690 176
691 102
692 128
693 157
694 178
695 165
696 110
697 164
698 100
699 183
700 156
701 192
702 175
703 163
704 115
705 106
706 159
707 193
708 199
709 184
710 139
711 127
712 171
713 162
714 131
715 186
716 118
717 167
718 194
719 139
720 102
721 136
722 106
723 145
724 100
725 126
726 157
727 186
728 197
729 158
730 191
731 188
732 126
733 191
734 148
735 182
736 160
737 113
738 196
739 171
740 173
741 170
742 146
743 149
744 103
745 137
746 171
747 174
748 102
749 150
750 127
751 193
752 198
753 161
754 184
755 106
756 104
757 115
758 136
759 195
760 122
761 118
762 155
763 162
764 112
765 152
766 176
767 179
768 157
769 158
770 102
771 106
772 184
773 165
774 116
775 136
776 128
777 126
778 147
779 187
780 131
781 195
782 151
783 127
784 102
785 106
786 189
787 181
788 134
789 132
790 169
791 169
792 168
793 133
794 159
795 143
796 184
797 167
798 100
799 101
800 169
801 112
802 194
803 103
804 133
805 102
806 156
807 172
808 173
809 129
810 103
811 127
812 129
813 139
814 100
815 199
816 195
817 107
818 115
819 152
820 106
821 105
822 177
823 191
824 190
825 163
826 129
827 140
828 112
829 184
830 115
831 132
832 110
833 171
834 104
835 133
836 123
837 157
838 177
839 172
840 177
841 112
842 164
843 188
844 166
845 190
846 111
847 170
848 111
849 104
850 104
851 131
852 151
853 104
854 143
855 183
856 129
857 114
858 112
859 151
860 186
861 111
862 195
863 105
864 189
865 199
866 165
867 141
868 119
869 132
870 139
871 182
872 165
873 140
874 145
875 139
876 142
877 195
878 108
879 180
880 149
881 157
882 185
883 130
884 138
885 192
886 128
887 170
888 144
889 123
890 154
891 119
892 171
893 158
894 141
895 142
896 176
897 109
898 126
899 179
900 131
901 175
902 136
903 198
904 145
905 128
906 199
907 139
908 104
909 137
910 109
911 153
912 198
913 179
914 159
915 156
916 118
917 109
918 108
919 158
920 175
921 180
922 108
923 106
924 179
925 185
926 147
927 126
928 193
929 155
930 187
931 164
932 117
933 115
934 195
935 118
936 137
937 126
938 184
939 175
940 183
941 152
942 162
943 125
944 193
945 100
946 192
947 129
948 192
949 167
950 142
951 151
952 131
953 169
954 160
955 190
956 178
957 195
958 103
959 184
960 131
961 164
962 162
963 156
964 120
965 128
966 105
967 108
968 114
969 121
970 157
971 127
972 161
973 182
974 101
975 196
976 192
977 151
978 142
979 126
980 109
981 180
982 162
983 181
984 193
985 136
986 193
987 197
988 110
989 133
990 111
991 110
992 195
993 177
994 165
995 166
996 126
997 129
998 167
999 107
1000 177
1001 166
1002 194
1003 151
1004 157
1005 140
1006 134
1007 111
1008 185
1009 179
1010 108
1011 151
1012 185
1013 115
1014 186
1015 171
1016 158
1017 184
1018 160
1019 145
1020 148
1021 129
1022 136
1023 102
1024 165
1025 127
1026 125
1027 189
1028 142
1029 184
1030 178
1031 144
1032 157
1033 140
1034 130
1035 199
1036 138
1037 107
1038 150
1039 165
1040 120
1041 179
1042 108
1043 131
1044 148
1045 172
1046 162
1047 117
1048 194
1049 186
1050 196
1051 124
1052 167
1053 147
1054 175
1055 130
1056 194
1057 138
1058 121
1059 162
1060 108
1061 150
1062 128
1063 184
1064 132
1065 125
1066 129
1067 149
1068 166
1069 154
1070 154
1071 125
1072 157
1073 159
1074 171
1075 130
1076 106
1077 181
1078 131
1079 101
1080 130
1081 132
1082 145
1083 196
1084 152
1085 174
1086 155
1087 127
1088 120
1089 149
1090 144
1091 141
1092 126
1093 138
1094 131
1095 107
1096 182
1097 109
1098 180
1099 174
1100 154
1101 186
1102 124
1103 192
1104 148
1105 125
1106 172
1107 199
1108 145
1109 133
1110 117
1111 123
1112 163
1113 195
1114 117
1115 117
1116 119
1117 128
1118 152
1119 102
1120 113
1121 160
1122 185
1123 113
1124 121
1125 107
1126 175
1127 101
1128 156
1129 120
1130 111
1131 129
1132 158
1133 115
1134 199
1135 174
1136 145
1137 191
1138 174
1139 142
1140 149
1141 132
1142 143
1143 162
1144 194
1145 121
1146 170
1147 191
1148 168
1149 189
1150 142
1151 188
1152 135
1153 110
1154 147
1155 122
1156 120
1157 175
1158 105
1159 182
1160 173
1161 182
1162 136
1163 161
1164 191
1165 156
1166 182
1167 190
1168 123
1169 119
1170 103
1171 112
1172 142
1173 170
1174 174
1175 162
1176 191
1177 153
1178 117
1179 144
1180 158
1181 159
1182 168
1183 102
1184 140
1185 173
1186 184
1187 133
1188 163
1189 157
1190 119
1191 147
1192 146
1193 190
1194 122
1195 151
1196 160
1197 143
1198 182
1199 103
1200 140
1201 177
1202 154
1203 127
1204 161
1205 129
1206 176
1207 139
1208 173
1209 168
1210 151
1211 126
1212 111
1213 145
1214 141
1215 136
1216 183
1217 182
1218 159
1219 106
1220 133
1221 136
1222 102
1223 143
1224 129
1225 119
1226 182
1227 172
1228 133
1229 182
1230 165
1231 168
1232 111
1233 127
1234 108
1235 119
1236 149
1237 110
1238 113
1239 119
1240 121
1241 146
1242 110
1243 134
1244 136
1245 166
1246 157
1247 179
1248 169
1249 182
1250 136
1251 110
1252 113
1253 145
1254 174
1255 164
1256 188
1257 155
1258 194
1259 184
1260 123
1261 115
1262 145
1263 113
1264 120
1265 137
1266 188
1267 100
1268 178
1269 186
1270 159
1271 197
1272 114
1273 166
1274 149
1275 165
1276 182
1277 189
1278 147
1279 151
1280 113
1281 197
1282 188
1283 150
1284 173
1285 186
1286 171
1287 176
1288 104
1289 146
1290 145
1291 139
1292 108
1293 122
1294 188
1295 145
1296 141
1297 116
1298 128
1299 156
1300 189
1301 173
1302 137
1303 120
1304 188
1305 118
1306 153
1307 190
1308 112
1309 184
1310 146
1311 175
1312 140
1313 136
1314 137
1315 123
1316 170
1317 170
1318 148
1319 161
1320 192
1321 187
1322 100
1323 127
1324 161
1325 135
1326 148
1327 173
1328 197
1329 175
1330 178
1331 168
1332 166
1333 139
1334 188
1335 199
1336 125
1337 150
1338 165
1339 153
1340 105
1341 110
1342 193
1343 163
1344 192
1345 111
1346 116
1347 104
1348 189
1349 178
1350 104
1351 192
1352 150
1353 121
1354 192
1355 131
1356 125
1357 191
1358 128
1359 168
1360 141
1361 116
1362 125
1363 155
1364 132
1365 129
1366 159
1367 143
1368 159
1369 134
1370 140
1371 102
1372 184
1373 121
1374 150
1375 136
1376 180
1377 190
1378 155
1379 150
1380 194
1381 154
1382 137
1383 129
1384 134
1385 172
1386 145
1387 121
1388 192
1389 198
1390 160
1391 136
1392 155
1393 142
1394 144
1395 145
1396 165
1397 114
1398 119
1399 119
1400 117
1401 160
1402 129
1403 133
1404 167
1405 104
1406 147
1407 164
1408 143
1409 169
1410 193
1411 132
1412 114
1413 117
1414 121
1415 142
1416 155
1417 199
1418 114
1419 165
1420 121
1421 131
1422 119
1423 126
1424 184
1425 191
1426 175
1427 167
1428 145
1429 171
1430 198
1431 137
1432 173
1433 153
1434 184
1435 168
1436 139
1437 130
1438 160
1439 131
1440 144
1441 173
1442 117
1443 192
1444 148
1445 103
1446 109
1447 158
1448 101
1449 177
1450 156
1451 167
1452 178
1453 156
1454 150
1455 156
1456 188
1457 104
1458 117
1459 172
1460 124
1461 186
1462 155
1463 159
1464 141
1465 112
1466 190
1467 159
1468 160
1469 143
1470 199
1471 127
1472 187
1473 175
1474 123
1475 125
1476 101
1477 128
1478 163
1479 134
1480 187
1481 102
1482 121
1483 128
1484 196
1485 172
1486 137
1487 168
1488 125
1489 102
1490 158
1491 174
1492 123
1493 177
1494 165
1495 136
1496 181
1497 186
1498 119
1499 106
1500 186
1501 167
1502 136
1503 166
1504 155
1505 151
1506 103
1507 184
1508 137
1509 177
1510 103
1511 153
1512 126
1513 118
1514 172
1515 139
1516 166
1517 185
1518 177
1519 105
1520 148
1521 107
1522 123
1523 124
1524 147
1525 150
1526 138
1527 164
1528 135
1529 157
1530 110
1531 115
1532 123
1533 137
1534 149
1535 121
1536 183
1537 150
1538 158
1539 115
1540 166
1541 121
1542 186
1543 148
1544 131
1545 179
1546 130
1547 188
1548 153
1549 101
1550 197
1551 116
1552 143
1553 172
1554 148
1555 103
1556 136
1557 175
1558 156
1559 174
1560 189
1561 167
1562 179
1563 168
1564 102
1565 161
1566 195
1567 198
1568 145
1569 195
1570 134
1571 112
1572 149
1573 154
1574 112
1575 148
1576 132
1577 122
1578 138
1579 103
1580 131
1581 148
1582 182
1583 184
1584 177
1585 143
1586 181
1587 136
1588 131
1589 186
1590 140
1591 137
1592 158
1593 151
1594 149
1595 128
1596 179
1597 100
1598 105
1599 123
1600 172
1601 105
1602 186
1603 197
1604 130
1605 157
1606 146
1607 151
1608 131
1609 176
1610 158
1611 111
1612 147
1613 123
1614 138
1615 181
1616 181
1617 151
1618 105
1619 144
1620 169
1621 111
1622 142
1623 103
1624 197
1625 115
1626 100
1627 160
1628 167
1629 179
1630 105
1631 156
1632 194
1633 147
1634 163
1635 128
1636 196
1637 193
1638 177
1639 123
1640 169
1641 193
1642 189
1643 130
1644 111
1645 162
1646 175
1647 145
1648 153
1649 116
1650 189
1651 108
1652 106
1653 122
1654 155
1655 157
1656 135
1657 120
1658 160
1659 186
1660 179
1661 117
1662 166
1663 138
1664 110
1665 104
1666 124
1667 134
1668 157
1669 112
1670 192
1671 115
1672 131
1673 199
1674 111
1675 177
1676 113
1677 135
1678 116
1679 181
1680 187
1681 187
1682 164
1683 166
1684 159
1685 113
1686 160
1687 106
1688 140
1689 104
1690 102
1691 157
1692 111
1693 190
1694 171
1695 151
1696 175
1697 182
1698 170
1699 167
1700 155
1701 103
1702 179
1703 118
1704 161
1705 180
1706 149
1707 112
1708 155
1709 165
1710 132
1711 198
1712 129
1713 104
1714 117
1715 130
1716 177
1717 102
1718 186
1719 190
1720 198
1721 123
1722 179
1723 153
1724 139
1725 109
1726 117
1727 113
1728 118
1729 126
1730 109
1731 185
1732 196
1733 145
1734 157
1735 129
1736 117
1737 181
1738 174
1739 196
1740 119
1741 181
1742 197
1743 153
1744 155
1745 184
1746 125
1747 132
1748 139
1749 158
1750 104
1751 115
1752 129
1753 122
1754 181
1755 113
1756 150
1757 133
1758 131
1759 193
1760 188
1761 177
1762 145
1763 160
1764 108
1765 108
1766 126
1767 152
1768 140
1769 140
1770 115
1771 180
1772 156
1773 179
1774 178
1775 137
1776 175
1777 130
1778 196
1779 192
1780 166
1781 152
1782 139
1783 112
1784 122
1785 122
1786 114
1787 181
1788 186
1789 199
1790 119
1791 153
1792 115
1793 138
1794 185
1795 110
1796 122
1797 160
1798 149
1799 118
1800 155
1801 145
1802 105
1803 120
1804 198
1805 127
1806 141
1807 172
1808 164
1809 172
1810 149
1811 113
1812 177
1813 136
1814 114
1815 124
1816 192
1817 144
1818 106
1819 184
1820 129
1821 181
1822 140
1823 110
1824 107
1825 178
1826 184
1827 153
1828 182
1829 112
1830 148
1831 135
1832 191
1833 107
1834 149
1835 114
1836 198
1837 177
1838 185
1839 147
1840 116
1841 124
1842 109
1843 101
1844 149
1845 144
1846 111
1847 117
1848 170
1849 145
1850 138
1851 131
1852 194
1853 176
1854 199
1855 134
1856 163
1857 153
1858 198
1859 192
1860 175
1861 177
1862 140
1863 156
1864 132
1865 174
1866 120
1867 165
1868 192
1869 120
1870 101
1871 164
1872 122
1873 173
1874 139
1875 106
1876 119
1877 117
1878 167
1879 108
1880 111
1881 191
1882 101
1883 140
1884 161
1885 108
1886 168
1887 159
1888 117
1889 159
1890 179
1891 120
1892 191
1893 165
1894 183
1895 184
1896 188
1897 154
1898 172
1899 167
1900 192
1901 149
1902 157
1903 124
1904 175
1905 190
1906 183
1907 197
1908 199
1909 160
1910 184
1911 136
1912 131
1913 149
1914 177
1915 186
1916 124
1917 163
1918 139
1919 124
1920 106
1921 101
1922 182
1923 151
1924 102
1925 192
1926 159
1927 184
1928 197
1929 174
1930 189
1931 121
1932 193
1933 159
1934 106
1935 123
1936 100
1937 166
1938 142
1939 148
1940 125
1941 115
1942 171
1943 135
1944 168
1945 102
1946 142
1947 181
1948 169
1949 151
1950 187
1951 143
1952 157
1953 195
1954 107
1955 179
1956 175
1957 127
1958 172
1959 141
1960 143
1961 160
1962 151
1963 172
1964 120
1965 166
1966 123
1967 189
1968 111
1969 172
1970 177
1971 167
1972 125
1973 163
1974 111
1975 154
1976 164
1977 193
1978 101
1979 167
1980 170
1981 182
1982 171
1983 193
1984 110
1985 192
1986 155
1987 158
1988 199
1989 148
1990 180
1991 123
1992 105
1993 140
1994 125
1995 171
1996 183
1997 155
1998 158
1999 127
2000 183
2001 150
2002 129
2003 133
2004 115
2005 155
2006 150
2007 184
2008 182
2009 193
2010 142
2011 151
2012 125
2013 182
2014 158
2015 131
2016 156
2017 125
2018 122
2019 109
2020 144
2021 137
2022 146
2023 187
2024 136
2025 176
2026 190
2027 164
2028 173
2029 148
2030 128
2031 105
2032 164
2033 118
2034 174
2035 166
2036 117
2037 158
2038 111
2039 124
2040 136
2041 195
2042 118
2043 147
2044 196
2045 118
2046 164
2047 133
2048 106
2049 183
2050 105
2051 153
2052 147
2053 194
2054 114
2055 193
2056 152
2057 120
2058 173
2059 105
2060 172
2061 102
2062 118
2063 153
2064 100
2065 112
2066 194
2067 125
2068 106
2069 139
2070 139
2071 160
2072 152
2073 129
2074 149
2075 158
2076 193
2077 167
2078 129
2079 165
2080 180
2081 114
2082 144
2083 165
2084 114
2085 175
2086 118
2087 158
2088 164
2089 191
2090 123
2091 193
2092 194
2093 128
2094 122
2095 192
2096 191
2097 146
2098 175
2099 125
2100 180
2101 159
2102 158
2103 181
2104 160
2105 106
2106 159
2107 170
2108 174
2109 187
2110 115
2111 169
2112 128
2113 143
2114 183
2115 159
2116 157
2117 158
2118 101
2119 124
2120 118
2121 183
2122 102
2123 135
2124 145
2125 139
2126 198
2127 191
2128 171
2129 196
2130 138
2131 179
2132 153
2133 109
2134 172
2135 109
2136 196
2137 185
2138 129
2139 185
2140 168
2141 136
2142 122
2143 184
2144 168
2145 125
2146 153
2147 192
2148 150
2149 131
2150 175
2151 159
2152 177
2153 196
2154 102
2155 138
2156 117
2157 118
2158 153
2159 142
2160 110
2161 112
2162 183
2163 171
2164 179
2165 155
2166 170
2167 162
2168 142
2169 167
2170 175
2171 164
2172 130
2173 198
2174 141
2175 181
2176 156
2177 118
2178 192
2179 198
2180 110
2181 108
2182 196
2183 177
2184 109
2185 186
2186 194
2187 114
2188 196
2189 117
2190 152
2191 164
2192 147
2193 159
2194 165
2195 148
2196 192
2197 117
2198 175
2199 136
2200 189
2201 113
2202 161
2203 108
2204 116
2205 146
2206 121
2207 135
2208 174
2209 180
2210 176
2211 144
2212 107
2213 167
2214 167
2215 184
2216 121
2217 151
2218 190
2219 126
2220 107
2221 174
2222 155
2223 134
2224 139
2225 173
2226 197
2227 142
2228 180
2229 174
2230 103
2231 117
2232 118
2233 183
2234 123
2235 156
2236 183
2237 124
2238 168
2239 113
2240 153
2241 197
2242 182
2243 109
2244 196
2245 118
2246 165
2247 155
2248 196
2249 134
2250 140
2251 147
2252 172
2253 164
2254 169
2255 138
2256 146
2257 149
2258 170
2259 110
2260 178
2261 187
2262 155
2263 116
2264 112
2265 108
2266 128
2267 112
2268 116
2269 151
2270 166
2271 191
2272 109
2273 128
2274 178
2275 195
2276 171
2277 186
2278 197
2279 127
2280 177
2281 151
2282 149
2283 147
2284 103
2285 163
2286 140
2287 152
2288 135
2289 153
2290 106
2291 105
2292 188
2293 153
2294 137
2295 128
2296 193
2297 181
2298 156
2299 192
2300 182
2301 162
2302 124
2303 193
2304 111
2305 179
2306 133
2307 157
2308 154
2309 134
2310 174
2311 122
2312 157
2313 150
2314 122
2315 109
2316 114
2317 151
2318 157
2319 143
2320 102
2321 159
2322 130
2323 171
2324 125
2325 181
2326 191
2327 115
2328 183
2329 175
2330 105
2331 105
2332 101
2333 160
2334 146
2335 163
2336 177
2337 107
2338 154
2339 160
2340 198
2341 196
2342 115
2343 198
2344 104
2345 190
2346 131
2347 166
2348 158
2349 127
2350 189
2351 199
2352 138
2353 109
2354 172
2355 164
2356 188
2357 197
2358 171
2359 121
2360 186
2361 183
2362 119
2363 147
2364 153
2365 104
2366 127
2367 147
2368 187
2369 137
2370 152
2371 159
2372 118
2373 143
2374 177
2375 116
2376 114
2377 143
2378 110
2379 162
2380 195
2381 159
2382 142
2383 184
2384 197
2385 101
2386 192
2387 192
2388 152
2389 166
2390 125
2391 102
2392 103
2393 190
2394 150
2395 134
2396 197
2397 111
2398 181
2399 119
2400 124
2401 115
2402 122
2403 107
2404 153
2405 174
2406 104
2407 142
2408 177
2409 128
2410 172
2411 144
2412 176
2413 151
2414 143
2415 113
2416 110
2417 199
2418 128
2419 187
2420 189
2421 150
2422 113
2423 187
2424 166
2425 164
2426 134
2427 145
2428 132
2429 197
2430 178
2431 114
2432 145
2433 183
2434 162
2435 188
2436 148
2437 131
2438 109
2439 166
2440 179
2441 165
2442 153
2443 169
2444 163
2445 142
2446 151
2447 160
2448 108
2449 168
2450 171
2451 197
2452 116
2453 180
2454 150
2455 165
2456 196
2457 173
2458 199
2459 102
2460 164
2461 130
2462 123
2463 100
2464 169
2465 173
2466 108
2467 172
2468 158
2469 136
2470 174
2471 153
2472 127
2473 155
2474 180
2475 149
2476 159
2477 125
2478 190
2479 183
2480 177
2481 141
2482 165
2483 110
2484 161
2485 160
2486 167
2487 193
2488 195
2489 126
2490 194
2491 170
2492 114
2493 114
2494 148
2495 164
2496 197
2497 137
2498 192
2499 197
2500 182
2501 157
2502 177
2503 109
2504 192
2505 186
2506 165
2507 109
2508 181
2509 194
2510 108
2511 179
2512 142
2513 199
2514 132
2515 192
2516 159
2517 195
2518 106
2519 130
2520 149
2521 145
2522 148
2523 182
2524 138
2525 100
2526 138
2527 133
2528 151
2529 190
2530 139
2531 178
2532 123
2533 198
2534 150
2535 187
2536 186
2537 160
2538 124
2539 176
2540 142
2541 114
2542 161
2543 163
2544 165
2545 187
2546 122
2547 161
2548 175
2549 141
2550 129
2551 198
2552 171
2553 155
2554 151
2555 189
2556 185
2557 115
2558 173
2559 112
2560 144
2561 188
2562 168
2563 134
2564 168
2565 113
2566 150
2567 101
2568 159
2569 154
2570 119
2571 193
2572 169
2573 115
2574 122
2575 171
2576 182
2577 148
2578 186
2579 179
2580 145
2581 185
2582 166
2583 170
2584 153
2585 101
2586 154
2587 135
2588 169
2589 126
2590 103
2591 149
2592 169
2593 127
2594 136
2595 148
2596 194
2597 145
2598 167
2599 181
2600 124
2601 193
2602 127
2603 157
2604 137
2605 119
2606 117
2607 190
2608 148
2609 184
2610 178
2611 172
2612 149
2613 143
2614 173
2615 172
2616 162
2617 192
2618 109
2619 159
2620 171
2621 117
2622 143
2623 131
2624 117
2625 164
2626 101
2627 150
2628 106
2629 192
2630 149
2631 139
2632 199
2633 162
2634 135
2635 180
2636 139
2637 177
2638 179
2639 108
2640 125
2641 144
2642 178
2643 174
2644 102
2645 190
2646 127
2647 127
2648 143
2649 171
2650 117
2651 121
2652 166
2653 102
2654 194
2655 195
2656 119
2657 168
2658 103
2659 122
2660 189
2661 195
2662 156
2663 169
2664 189
2665 131
2666 157
2667 182
2668 170
2669 147
2670 140
2671 198
2672 181
2673 137
2674 144
2675 195
2676 181
2677 113
2678 142
2679 108
2680 155
2681 100
2682 115
2683 150
2684 173
2685 156
2686 190
2687 173
2688 114
2689 194
2690 183
2691 127
2692 194
2693 153
2694 137
2695 171
2696 177
2697 114
2698 177
2699 195
2700 144
2701 187
2702 131
2703 115
2704 123
2705 164
2706 181
2707 120
2708 162
2709 185
2710 105
2711 126
2712 137
2713 188
2714 176
2715 120
2716 133
2717 174
2718 173
2719 155
2720 139
2721 182
2722 116
2723 170
2724 143
2725 164
2726 136
2727 194
2728 152
2729 146
2730 117
2731 112
2732 128
2733 174
2734 125
2735 133
2736 147
2737 182
2738 149
2739 119
2740 196
2741 167
2742 145
2743 140
2744 189
2745 124
2746 146
2747 154
2748 108
2749 154
2750 184
2751 182
2752 147
2753 177
2754 174
2755 181
2756 162
2757 187
2758 113
2759 114
2760 152
2761 191
2762 133
2763 140
2764 112
2765 155
2766 189
2767 190
2768 122
2769 191
2770 182
2771 103
2772 101
2773 140
2774 120
2775 189
2776 183
2777 153
2778 196
2779 144
2780 110
2781 106
2782 187
2783 162
2784 147
2785 186
2786 114
2787 113
2788 142
2789 134
2790 106
2791 127
2792 142
2793 170
2794 133
2795 195
2796 193
2797 111
2798 170
2799 171
2800 193
2801 144
2802 137
2803 184
2804 185
2805 150
2806 137
2807 155
2808 100
2809 161
2810 104
2811 107
2812 152
2813 184
2814 117
2815 109
2816 175
2817 144
2818 192
2819 186
2820 117
2821 182
2822 199
2823 172
2824 110
2825 117
2826 116
2827 112
2828 190
2829 160
2830 109
2831 115
2832 107
2833 186
2834 175
2835 171
2836 184
2837 190
2838 188
2839 149
2840 192
2841 199
2842 161
2843 155
2844 120
2845 147
2846 151
2847 114
2848 183
2849 117
2850 195
2851 133
2852 172
2853 115
2854 134
2855 180
2856 191
2857 158
2858 149
2859 183
2860 185
2861 170
2862 166
2863 134
2864 173
2865 110
2866 153
2867 195
2868 142
2869 102
2870 118
2871 115
2872 162
2873 123
2874 103
2875 100
2876 179
2877 139
2878 101
2879 128
2880 153
2881 126
2882 107
2883 188
2884 180
2885 188
2886 131
2887 146
2888 113
2889 120
2890 150
2891 120
2892 184
2893 113
2894 189
2895 176
2896 137
2897 149
2898 154
2899 145
2900 198
2901 101
2902 115
2903 172
2904 182
2905 161
2906 164
2907 177
2908 199
2909 198
2910 141
2911 189
2912 147
2913 194
2914 197
2915 190
2916 153
2917 116
2918 148
2919 124
2920 173
2921 157
2922 115
2923 143
2924 105
2925 129
2926 189
2927 199
2928 188
2929 186
2930 134
2931 144
2932 111
2933 129
2934 123
2935 167
2936 123
2937 106
2938 162
2939 196
2940 104
2941 192
2942 151
2943 152
2944 165
2945 121
2946 128
2947 117
2948 131
2949 187
2950 153
2951 154
2952 133
2953 105
2954 158
2955 196
2956 197
2957 126
2958 156
2959 176
2960 189
2961 188
2962 198
2963 137
2964 100
2965 131
2966 184
2967 166
2968 119
2969 135
2970 198
2971 117
2972 148
2973 173
2974 187
2975 164
2976 143
2977 182
2978 196
2979 141
2980 183
2981 104
2982 130
2983 104
2984 143
2985 168
2986 178
2987 180
2988 172
2989 199
2990 188
2991 124
2992 128
2993 170
2994 101
2995 117
2996 120
2997 161
2998 106
2999 161
3000 152
3001 152
3002 195
3003 148
3004 118
3005 165
3006 182
3007 149
3008 168
3009 154
3010 195
3011 109
3012 146
3013 150
3014 104
3015 146
3016 194
3017 115
3018 157
3019 119
3020 174
3021 176
3022 155
3023 153
3024 100
3025 182
3026 168
3027 164
3028 153
3029 102
3030 148
3031 102
3032 159
3033 151
3034 146
3035 175
3036 163
3037 169
3038 161
3039 127
3040 119
3041 161
3042 197
3043 152
3044 177
3045 176
3046 198
3047 153
3048 182
3049 117
3050 174
3051 146
3052 166
3053 188
3054 179
3055 154
3056 110
3057 117
3058 149
3059 118
3060 128
3061 124
3062 139
3063 163
3064 174
3065 116
3066 101
3067 110
3068 137
3069 196
3070 195
3071 155
3072 134
3073 150
3074 171
3075 115
3076 139
3077 113
3078 108
3079 120
3080 116
3081 197
3082 150
3083 119
3084 141
3085 168
3086 145
3087 192
3088 103
3089 149
3090 192
3091 168
3092 168
3093 159
3094 117
3095 123
3096 184
3097 132
3098 171
3099 165
3100 183
3101 128
3102 168
3103 193
3104 105
3105 190
3106 117
3107 114
3108 108
3109 119
3110 107
3111 111
3112 133
3113 115
3114 116
3115 158
3116 166
3117 168
3118 134
3119 143
3120 120
3121 198
3122 140
3123 177
3124 158
3125 102
3126 197
3127 176
3128 115
3129 133
3130 156
3131 157
3132 133
3133 100
3134 173
3135 195
3136 189
3137 195
3138 131
3139 119
3140 103
3141 134
3142 170
3143 133
3144 152
3145 168
3146 108
3147 105
3148 143
3149 106
3150 183
3151 143
3152 173
3153 109
3154 159
3155 124
3156 144
3157 140
3158 155
3159 167
3160 146
3161 165
3162 107
3163 126
3164 130
3165 108
3166 137
3167 123
3168 157
3169 173
3170 186
3171 160
3172 148
3173 180
3174 132
3175 135
3176 144
3177 126
3178 186
3179 116
3180 196
3181 139
3182 169
3183 168
3184 154
3185 173
3186 188
3187 173
3188 147
3189 103
3190 150
3191 151
3192 139
3193 182
3194 102
3195 196
3196 183
3197 141
3198 164
3199 193
3200 153
3201 101
3202 152
3203 158
3204 150
3205 164
3206 161
3207 125
3208 130
3209 182
3210 172
3211 171
3212 188
3213 154
3214 119
3215 137
3216 162
3217 153
3218 109
3219 165
3220 112
3221 142
3222 162
3223 179
3224 107
3225 162
3226 153
3227 141
3228 144
3229 142
3230 111
3231 135
3232 195
3233 123
3234 129
3235 181
3236 110
3237 129
3238 164
3239 121
3240 108
3241 134
3242 126
3243 115
3244 158
3245 196
3246 141
3247 142
3248 158
3249 153
3250 154
3251 143
3252 178
3253 128
3254 156
3255 104
3256 192
3257 151
3258 138
3259 188
3260 106
3261 189
3262 180
3263 190
3264 182
3265 175
3266 107
3267 130
3268 152
3269 110
3270 111
3271 126
3272 194
3273 192
3274 135
3275 117
3276 185
3277 105
3278 187
3279 101
3280 145
3281 103
3282 123
3283 190
3284 170
3285 183
3286 174
3287 124
3288 182
3289 129
3290 157
3291 148
3292 131
3293 107
3294 140
3295 122
3296 145
3297 131
3298 160
3299 140
3300 184
3301 127
3302 194
3303 117
3304 103
3305 107
3306 130
3307 162
3308 179
3309 195
3310 133
3311 133
3312 170
3313 168
3314 138
3315 102
3316 125
3317 131
3318 149
3319 132
3320 140
3321 105
3322 112
3323 158
3324 103
3325 196
3326 179
3327 161
3328 107
3329 181
3330 152
3331 115
3332 180
3333 100
3334 100
3335 177
3336 142
3337 122
3338 135
3339 161
3340 190
3341 144
3342 192
3343 171
3344 156
3345 186
3346 114
3347 181
3348 129
3349 172
3350 146
3351 108
3352 173
3353 132
3354 113
3355 163
3356 199
3357 193
3358 169
3359 169
3360 179
3361 129
3362 175
3363 186
3364 185
3365 188
3366 112
3367 136
3368 135
3369 161
3370 131
3371 191
3372 150
3373 118
3374 146
3375 179
3376 156
3377 129
3378 164
3379 156
3380 194
3381 188
3382 128
3383 127
3384 110
3385 150
3386 109
3387 113
3388 197
3389 153
3390 165
3391 129
3392 177
3393 111
3394 116
3395 190
3396 149
3397 153
3398 146
3399 145
3400 171
3401 126
3402 150
3403 158
3404 137
3405 115
3406 105
3407 114
3408 133
3409 191
3410 118
3411 124
3412 150
3413 169
3414 147
3415 191
3416 117
3417 157
3418 146
3419 190
3420 198
3421 161
3422 128
3423 165
3424 158
3425 155
3426 138
3427 176
3428 185
3429 149
3430 191
3431 175
3432 177
3433 130
3434 194
3435 182
3436 163
3437 137
3438 191
3439 100
3440 159
3441 197
3442 176
3443 120
3444 163
3445 164
3446 154
3447 194
3448 132
3449 199
3450 146
3451 157
3452 178
3453 160
3454 170
3455 180
3456 196
3457 144
3458 197
3459 141
3460 152
3461 139
3462 199
3463 138
3464 115
3465 156
3466 179
3467 115
3468 189
3469 185
3470 149
3471 136
3472 154
3473 140
3474 183
3475 116
3476 184
3477 158
3478 148
3479 102
3480 123
3481 185
3482 110
3483 136
3484 165
3485 114
3486 125
3487 122
3488 167
3489 122
3490 175
3491 183
3492 161
3493 132
3494 180
3495 131
3496 108
3497 129
3498 105
3499 172
3500 159
3501 182
3502 178
3503 120
3504 132
3505 146
3506 127
3507 133
3508 119
3509 175
3510 133
3511 165
3512 178
3513 136
3514 156
3515 106
3516 140
3517 189
3518 150
3519 179
3520 169
3521 115
3522 147
3523 185
3524 107
3525 148
3526 132
3527 117
3528 185
3529 129
3530 145
3531 103
3532 170
3533 113
3534 194
3535 106
3536 183
3537 154
3538 163
3539 190
3540 119
3541 106
3542 115
3543 154
3544 113
3545 147
3546 170
3547 131
3548 161
3549 162
3550 138
3551 189
3552 163
3553 180
3554 163
3555 118
3556 130
3557 111
3558 195
3559 114
3560 156
3561 117
3562 166
3563 173
3564 159
3565 105
3566 109
3567 178
3568 181
3569 132
3570 166
3571 171
3572 105
3573 157
3574 112
3575 117
3576 105
3577 185
3578 186
3579 107
3580 120
3581 153
3582 173
3583 187
3584 138
3585 181
3586 165
3587 178
3588 194
3589 156
3590 127
3591 120
3592 111
3593 191
3594 174
3595 179
3596 114
3597 113
3598 144
3599 161
3600 106
3601 113
3602 103
3603 121
3604 111
3605 131
3606 199
3607 165
3608 161
3609 100
3610 198
3611 140
3612 113
3613 186
3614 199
3615 167
3616 108
3617 185
3618 121
3619 140
3620 196
3621 177
3622 108
3623 163
3624 139
3625 167
3626 180
3627 186
3628 114
3629 148
3630 164
3631 144
3632 106
3633 155
3634 135
3635 165
3636 155
3637 128
3638 168
3639 183
3640 193
3641 174
3642 183
3643 148
3644 144
3645 170
3646 114
3647 176
3648 123
3649 187
3650 189
3651 138
3652 197
3653 187
3654 169
3655 170
3656 182
3657 184
3658 194
3659 194
3660 196
3661 119
3662 132
3663 134
3664 172
3665 128
3666 137
3667 151
3668 133
3669 170
3670 124
3671 165
3672 138
3673 184
3674 164
3675 182
3676 152
3677 106
3678 193
3679 128
3680 116
3681 161
3682 101
3683 176
3684 183
3685 108
3686 142
3687 164
3688 103
3689 132
3690 145
3691 120
3692 139
3693 106
3694 198
3695 136
3696 143
3697 126
3698 154
3699 119
3700 140
3701 158
3702 197
3703 172
3704 186
3705 198
3706 185
3707 180
3708 163
3709 126
3710 137
3711 144
3712 166
3713 129
3714 182
3715 155
3716 144
3717 184
3718 138
3719 192
3720 188
3721 111
3722 121
3723 116
3724 182
3725 154
3726 106
3727 157
3728 137
3729 104
3730 172
3731 197
3732 113
3733 142
3734 182
3735 119
3736 148
3737 192
3738 123
3739 141
3740 160
3741 144
3742 142
3743 124
3744 192
3745 167
3746 180
3747 135
3748 182
3749 125
3750 153
3751 164
3752 165
3753 106
3754 142
3755 104
3756 158
3757 193
3758 126
3759 135
3760 102
3761 135
3762 118
3763 119
3764 103
3765 130
3766 107
3767 182
3768 135
3769 190
3770 113
3771 127
3772 195
3773 145
3774 195
3775 131
3776 168
3777 122
3778 130
3779 110
3780 146
3781 169
3782 195
3783 133
3784 158
3785 100
3786 150
3787 141
3788 162
3789 190
3790 120
3791 189
3792 101
3793 104
3794 184
3795 170
3796 170
3797 111
3798 120
3799 138
3800 172
3801 136
3802 108
3803 186
3804 104
3805 191
3806 199
3807 112
3808 168
3809 166
3810 145
3811 123
3812 188
3813 170
3814 132
3815 186
3816 153
3817 194
3818 130
3819 105
3820 140
3821 110
3822 117
3823 101
3824 111
3825 112
3826 178
3827 155
3828 102
3829 109
3830 108
3831 119
3832 135
3833 182
3834 160
3835 105
3836 167
3837 153
3838 115
3839 135
3840 130
3841 165
3842 124
3843 189
3844 143
3845 113
3846 177
3847 172
3848 102
3849 171
3850 150
3851 110
3852 198
3853 120
3854 129
3855 120
3856 153
3857 118
3858 102
3859 192
3860 162
3861 159
3862 133
3863 100
3864 107
3865 110
3866 122
3867 183
3868 179
3869 173
3870 138
3871 160
3872 150
3873 184
3874 191
3875 160
3876 141
3877 159
3878 186
3879 146
3880 145
3881 173
3882 132
3883 142
3884 145
3885 106
3886 182
3887 188
3888 150
3889 196
3890 142
3891 134
3892 154
3893 109
3894 102
3895 107
3896 168
3897 173
3898 184
3899 136
3900 154
3901 142
3902 191
3903 126
3904 197
3905 106
3906 158
3907 199
3908 137
3909 100
3910 186
3911 140
3912 154
3913 104
3914 146
3915 124
3916 156
3917 120
3918 176
3919 196
3920 104
3921 126
3922 105
3923 110
3924 122
3925 146
3926 153
3927 157
3928 105
3929 159
3930 125
3931 115
3932 149
3933 115
3934 145
3935 169
3936 156
3937 182
3938 108
3939 194
3940 169
3941 158
3942 132
3943 166
3944 113
3945 164
3946 128
3947 103
3948 161
3949 149
3950 168
3951 161
3952 101
3953 101
3954 159
3955 195
3956 169
3957 151
3958 173
3959 109
3960 146
3961 192
3962 196
3963 164
3964 119
3965 137
3966 171
3967 163
3968 195
3969 107
3970 114
3971 184
3972 141
3973 192
3974 180
3975 133
3976 108
3977 101
3978 121
3979 161
3980 155
3981 115
3982 183
3983 130
3984 137
3985 165
3986 112
3987 108
3988 100
3989 175
3990 139
3991 159
3992 119
3993 141
3994 127
3995 192
3996 188
3997 108
3998 106
3999 186
4000 156
4001 118
4002 170
4003 119
4004 127
4005 143
4006 191
4007 196
4008 159
4009 192
4010 146
4011 158
4012 144
4013 189
4014 146
4015 108
4016 180
4017 177
4018 111
4019 127
4020 196
4021 138
4022 181
4023 141
4024 144
4025 169
4026 154
4027 173
4028 156
4029 162
4030 154
4031 112
4032 172
4033 115
4034 158
4035 140
4036 111
4037 196
4038 161
4039 128
4040 162
4041 152
4042 196
4043 190
4044 102
4045 144
4046 142
4047 116
4048 141
4049 194
4050 167
4051 132
4052 104
4053 162
4054 172
4055 166
4056 137
4057 195
4058 179
4059 173
4060 121
4061 176
4062 103
4063 122
4064 112
4065 113
4066 130
4067 187
4068 136
4069 168
4070 172
4071 120
4072 162
4073 156
4074 151
4075 180
4076 163
4077 122
4078 101
4079 161
4080 185
4081 183
4082 104
4083 180
4084 161
4085 116
4086 147
4087 184
4088 150
4089 193
4090 148
4091 199
4092 130
4093 105
4094 175
4095 155
4096 142
4097 117
4098 125
4099 131
4100 194
4101 126
4102 170
4103 100
4104 156
4105 102
4106 127
4107 188
4108 135
4109 129
4110 106
4111 149
4112 154
4113 160
4114 136
4115 194
4116 139
4117 198
4118 140
4119 164
4120 127
4121 106
4122 161
4123 175
4124 160
4125 138
4126 198
4127 164
4128 122
4129 118
4130 105
4131 128
4132 127
4133 127
4134 168
4135 181
4136 112
4137 188
4138 137
4139 154
4140 136
4141 159
4142 126
4143 107
4144 129
4145 146
4146 162
4147 186
4148 110
4149 137
4150 150
4151 107
4152 197
4153 187
4154 198
4155 145
4156 114
4157 184
4158 199
4159 113
4160 121
4161 118
4162 115
4163 104
4164 164
4165 176
4166 175
4167 136
4168 117
4169 117
4170 193
4171 155
4172 163
4173 136
4174 179
4175 140
4176 102
4177 162
4178 195
4179 198
4180 149
4181 117
4182 131
4183 180
4184 177
4185 170
4186 177
4187 195
4188 152
4189 176
4190 129
4191 192
4192 158
4193 180
4194 173
4195 161
4196 178
4197 125
4198 145
4199 191
4200 153
4201 128
4202 116
4203 198
4204 173
4205 189
4206 110
4207 107
4208 187
4209 130
4210 110
4211 173
4212 146
4213 132
4214 111
4215 175
4216 111
4217 162
4218 137
4219 103
4220 137
4221 111
4222 108
4223 158
4224 170
4225 198
4226 179
4227 107
4228 166
4229 178
4230 161
4231 151
4232 194
4233 149
4234 187
4235 130
4236 106
4237 144
4238 107
4239 127
4240 143
4241 119
4242 119
4243 149
4244 158
4245 160
4246 126
4247 197
4248 133
4249 161
4250 141
4251 119
4252 115
4253 101
4254 197
4255 198
4256 105
4257 102
4258 157
4259 114
4260 158
4261 140
4262 132
4263 147
4264 127
4265 182
4266 111
4267 176
4268 116
4269 146
4270 129
4271 108
4272 134
4273 100
4274 171
4275 178
4276 173
4277 169
4278 191
4279 170
4280 147
4281 196
4282 109
4283 162
4284 116
4285 162
4286 196
4287 127
4288 137
4289 179
4290 113
4291 101
4292 151
4293 172
4294 124
4295 105
4296 104
4297 101
4298 110
4299 104
4300 139
4301 108
4302 169
4303 197
4304 104
4305 136
4306 176
4307 171
4308 109
4309 140
4310 186
4311 174
4312 144
4313 196
4314 171
4315 145
4316 178
4317 117
4318 161
4319 196
4320 107
4321 119
4322 123
4323 137
4324 165
4325 189
4326 112
4327 149
4328 110
4329 190
4330 144
4331 112
4332 179
4333 175
4334 137
4335 162
4336 186
4337 190
4338 155
4339 166
4340 134
4341 123
4342 174
4343 104
4344 131
4345 186
4346 152
4347 129
4348 102
4349 136
4350 156
4351 141
4352 193
4353 194
4354 147
4355 178
4356 125
4357 169
4358 158
4359 117
4360 168
4361 192
4362 155
4363 141
4364 126
4365 127
4366 167
4367 196
4368 125
4369 166
4370 116
4371 122
4372 107
4373 111
4374 142
4375 156
4376 198
4377 100
4378 176
4379 193
4380 125
4381 188
4382 123
4383 142
4384 101
4385 153
4386 164
4387 119
4388 170
4389 195
4390 112
4391 114
4392 155
4393 193
4394 130
4395 112
4396 190
4397 195
4398 156
4399 141
4400 139
4401 166
4402 150
4403 142
4404 153
4405 142
4406 164
4407 135
4408 199
4409 125
4410 196
4411 141
4412 122
4413 127
4414 174
4415 119
4416 179
4417 149
4418 135
4419 177
4420 182
4421 119
4422 145
4423 181
4424 155
4425 125
4426 102
4427 189
4428 168
4429 110
4430 117
4431 148
4432 195
4433 180
4434 160
4435 111
4436 156
4437 129
4438 192
4439 192
4440 166
4441 171
4442 152
4443 122
4444 133
4445 102
4446 122
4447 147
4448 162
4449 185
4450 193
4451 101
4452 151
4453 152
4454 196
4455 192
4456 130
4457 197
4458 163
4459 171
4460 131
4461 169
4462 167
4463 151
4464 113
4465 193
4466 109
4467 171
4468 178
4469 108
4470 171
4471 183
4472 142
4473 162
4474 150
4475 184
4476 114
4477 186
4478 117
4479 195
4480 140
4481 191
4482 148
4483 197
4484 149
4485 176
4486 152
4487 181
4488 120
4489 151
4490 110
4491 198
4492 139
4493 137
4494 137
4495 171
4496 198
4497 128
4498 194
4499 112
4500 105
4501 121
4502 183
4503 153
4504 143
4505 150
4506 168
4507 147
4508 114
4509 139
4510 125
4511 194
4512 145
4513 120
4514 134
4515 194
4516 143
4517 188
4518 152
4519 183
4520 164
4521 140
4522 111
4523 195
4524 179
4525 164
4526 102
4527 147
4528 190
4529 101
4530 147
4531 191
4532 116
4533 109
4534 106
4535 146
4536 143
4537 166
4538 189
4539 106
4540 173
4541 187
4542 123
4543 130
4544 172
4545 173
4546 163
4547 116
4548 125
4549 162
4550 113
4551 110
4552 148
4553 135
4554 103
4555 132
4556 128
4557 131
4558 144
4559 189
4560 149
4561 110
4562 157
4563 180
4564 181
4565 150
4566 109
4567 142
4568 184
4569 180
4570 157
4571 153
4572 153
4573 135
4574 117
4575 155
4576 120
4577 150
4578 115
4579 197
4580 171
4581 137
4582 185
4583 149
4584 182
4585 155
4586 105
4587 114
4588 144
4589 122
4590 133
4591 154
4592 155
4593 148
4594 125
4595 129
4596 178
4597 100
4598 166
4599 115
4600 116
4601 197
4602 154
4603 132
4604 186
4605 195
4606 194
4607 132
4608 158
4609 119
4610 152
4611 104
4612 121
4613 135
4614 126
4615 181
4616 192
4617 121
4618 165
4619 192
4620 179
4621 119
4622 139
4623 152
4624 138
4625 136
4626 133
4627 167
4628 139
4629 180
4630 196
4631 116
4632 150
4633 176
4634 110
4635 111
4636 153
4637 148
4638 190
4639 102
4640 117
4641 121
4642 152
4643 105
4644 192
4645 198
4646 108
4647 132
4648 148
4649 138
4650 128
4651 100
4652 115
4653 123
4654 162
4655 175
4656 136
4657 189
4658 146
4659 115
4660 119
4661 170
4662 130
4663 189
4664 152
4665 169
4666 133
4667 184
4668 181
4669 126
4670 187
4671 170
4672 109
4673 190
4674 176
4675 140
4676 104
4677 153
4678 142
4679 144
4680 111
4681 199
4682 127
4683 123
4684 133
4685 100
4686 197
4687 149
4688 170
4689 197
4690 139
4691 137
4692 194
4693 142
4694 198
4695 197
4696 146
4697 190
4698 163
4699 195
4700 172
4701 122
4702 135
4703 127
4704 166
4705 101
4706 148
4707 134
4708 140
4709 103
4710 131
4711 172
4712 106
4713 115
4714 107
4715 179
4716 195
4717 152
4718 114
4719 114
4720 149
4721 141
4722 143
4723 102
4724 178
4725 108
4726 147
4727 192
4728 155
4729 112
4730 157
4731 192
4732 157
4733 121
4734 101
4735 187
4736 109
4737 148
4738 175
4739 126
4740 131
4741 140
4742 152
4743 105
4744 119
4745 170
4746 162
4747 136
4748 166
4749 110
4750 165
4751 125
4752 103
4753 127
4754 121
4755 184
4756 167
4757 100
4758 181
4759 190
4760 161
4761 177
4762 190
4763 197
4764 166
4765 157
4766 134
4767 156
4768 137
4769 141
4770 177
4771 128
4772 161
4773 184
4774 154
4775 117
4776 122
4777 102
4778 106
4779 148
4780 146
4781 160
4782 124
4783 184
4784 132
4785 147
4786 169
4787 178
4788 116
4789 168
4790 127
4791 189
4792 186
4793 145
4794 190
4795 111
4796 135
4797 103
4798 171
4799 121
4800 148
4801 127
4802 155
4803 105
4804 198
4805 151
4806 186
4807 136
4808 118
4809 110
4810 169
4811 120
4812 135
4813 185
4814 142
4815 193
4816 191
4817 168
4818 139
4819 144
4820 124
4821 114
4822 122
4823 197
4824 110
4825 158
4826 192
4827 140
4828 128
4829 171
4830 148
4831 165
4832 178
4833 143
4834 176
4835 182
4836 157
4837 138
4838 153
4839 143
4840 118
4841 178
4842 112
4843 193
4844 125
4845 137
4846 132
4847 130
4848 190
4849 141
4850 190
4851 181
4852 163
4853 135
4854 132
4855 198
4856 101
4857 135
4858 119
4859 139
4860 191
4861 150
4862 157
4863 114
4864 170
4865 191
4866 184
4867 176
4868 175
4869 140
4870 193
4871 195
4872 139
4873 138
4874 172
4875 160
4876 110
4877 132
4878 178
4879 156
4880 125
4881 139
4882 161
4883 113
4884 116
4885 110
4886 191
4887 134
4888 176
4889 188
4890 188
4891 197
4892 128
4893 164
4894 110
4895 196
4896 163
4897 129
4898 138
4899 153
4900 126
4901 190
4902 177
4903 170
4904 123
4905 145
4906 129
4907 101
4908 129
4909 172
4910 171
4911 141
4912 134
4913 118
4914 173
4915 117
4916 152
4917 192
4918 165
4919 112
4920 190
4921 167
4922 143
4923 129
4924 101
4925 154
4926 137
4927 136
4928 111
4929 105
4930 177
4931 108
4932 147
4933 123
4934 140
4935 142
4936 188
4937 182
4938 103
4939 150
4940 125
4941 190
4942 163
4943 118
4944 173
4945 101
4946 152
4947 161
4948 120
4949 142
4950 147
4951 145
4952 146
4953 123
4954 107
4955 106
4956 156
4957 189
4958 112
4959 171
4960 125
4961 199
4962 103
4963 175
4964 101
4965 164
4966 132
4967 174
4968 103
4969 194
4970 168
4971 178
4972 135
4973 121
4974 158
4975 163
4976 123
4977 194
4978 179
4979 176
4980 165
4981 180
4982 164
4983 107
4984 125
4985 107
4986 166
4987 105
4988 178
4989 193
4990 194
4991 192
4992 138
4993 100
4994 194
4995 157
4996 157
4997 144
4998 198
4999 148
5000 183
5001 141
5002 198
5003 111
5004 108
5005 199
5006 114
5007 199
5008 119
5009 119
5010 166
5011 150
5012 180
5013 161
5014 127
5015 120
5016 156
5017 181
5018 176
5019 185
5020 162
5021 113
5022 101
5023 108
5024 199
5025 104
5026 143
5027 180
5028 195
5029 142
5030 178
5031 104
5032 111
5033 176
5034 136
5035 165
5036 138
5037 173
5038 184
5039 122
5040 103
5041 176
5042 152
5043 146
5044 170
5045 174
5046 189
5047 164
5048 193
5049 168
5050 189
5051 183
5052 118
5053 192
5054 108
5055 142
5056 190
5057 137
5058 121
5059 181
5060 144
5061 143
5062 136
5063 120
5064 192
5065 154
5066 184
5067 107
5068 131
5069 161
5070 169
5071 156
5072 105
5073 131
5074 134
5075 147
5076 149
5077 175
5078 139
5079 110
5080 131
5081 112
5082 114
5083 146
5084 195
5085 186
5086 165
5087 140
5088 166
5089 107
5090 160
5091 108
5092 135
5093 135
5094 115
5095 101
5096 120
5097 160
5098 128
5099 150
5100 193
5101 113
5102 107
5103 131
5104 148
5105 126
5106 111
5107 127
5108 161
5109 137
5110 115
5111 182
5112 139
5113 177
5114 195
5115 178
5116 134
5117 190
5118 148
5119 117
5120 122
5121 173
5122 170
5123 156
5124 187
5125 118
5126 109
5127 110
5128 180
5129 164
5130 173
5131 158
5132 144
5133 111
5134 177
5135 191
5136 174
5137 114
5138 159
5139 143
5140 125
5141 123
5142 147
5143 140
5144 122
5145 162
5146 119
5147 114
5148 144
5149 103
5150 126
5151 124
5152 187
5153 150
5154 172
5155 124
5156 109
5157 147
5158 174
5159 108
5160 169
5161 104
5162 118
5163 189
5164 157
5165 190
5166 139
5167 114
5168 103
5169 125
5170 137
5171 152
5172 104
5173 194
5174 121
5175 193
5176 108
5177 141
5178 145
5179 126
5180 102
5181 106
5182 161
5183 135
5184 140
5185 128
5186 163
5187 193
5188 140
5189 194
5190 149
5191 133
5192 145
5193 186
5194 147
5195 157
5196 120
5197 180
5198 188
5199 173
5200 107
5201 148
5202 103
5203 163
5204 198
5205 132
5206 169
5207 128
5208 153
5209 137
5210 162
5211 142
5212 181
5213 173
5214 129
5215 165
5216 151
5217 122
5218 102
5219 137
5220 102
5221 139
5222 111
5223 190
5224 100
5225 120
5226 149
5227 117
5228 128
5229 183
5230 140
5231 112
5232 119
5233 142
5234 170
5235 197
5236 171
5237 193
5238 183
5239 178
5240 184
5241 109
5242 168
5243 199
5244 100
5245 104
5246 165
5247 112
5248 149
5249 148
5250 125
5251 151
5252 181
5253 185
5254 156
5255 182
5256 158
5257 169
5258 158
5259 185
5260 192
5261 160
5262 143
5263 151
5264 163
5265 179
5266 177
5267 188
5268 186
5269 187
5270 159
5271 199
5272 155
5273 172
5274 175
5275 121
5276 199
5277 182
5278 135
5279 123
5280 111
5281 120
5282 176
5283 110
5284 139
5285 196
5286 195
5287 148
5288 100
5289 136
5290 124
5291 167
5292 185
5293 163
5294 108
5295 110
5296 102
5297 197
5298 193
5299 198
5300 184
5301 175
5302 160
5303 184
5304 134
5305 141
5306 146
5307 118
5308 145
5309 159
5310 135
5311 183
5312 184
5313 174
5314 177
5315 152
5316 144
5317 164
5318 190
5319 145
5320 109
5321 164
5322 108
5323 130
5324 197
5325 171
5326 168
5327 169
5328 124
5329 193
5330 137
5331 166
5332 175
5333 199
5334 106
5335 199
5336 112
5337 195
5338 143
5339 106
5340 153
5341 162
5342 110
5343 135
5344 124
5345 118
5346 107
5347 182
5348 126
5349 194
5350 198
5351 135
5352 145
5353 168
5354 196
5355 183
5356 131
5357 165
5358 165
5359 143
5360 144
5361 128
5362 129
5363 171
5364 157
5365 134
5366 191
5367 139
5368 141
5369 173
5370 114
5371 169
5372 141
5373 125
5374 199
5375 117
5376 161
5377 105
5378 121
5379 103
5380 164
5381 125
5382 159
5383 118
5384 142
5385 189
5386 147
5387 196
5388 113
5389 125
5390 159
5391 184
5392 132
5393 171
5394 167
5395 132
5396 164
5397 164
5398 121
5399 115
5400 196
5401 190
5402 195
5403 122
5404 103
5405 151
5406 114
5407 129
5408 195
5409 131
5410 185
5411 176
5412 189
5413 163
5414 188
5415 170
5416 133
5417 178
5418 158
5419 136
5420 132
5421 147
5422 157
5423 115
5424 171
5425 155
5426 125
5427 122
5428 134
5429 186
5430 181
5431 166
5432 155
5433 182
5434 143
5435 122
5436 112
5437 195
5438 126
5439 128
5440 110
5441 163
5442 137
5443 102
5444 119
5445 150
5446 111
5447 123
5448 197
5449 195
5450 161
5451 127
5452 103
5453 193
5454 179
5455 179
5456 132
5457 164
5458 177
5459 117
5460 103
5461 135
5462 126
5463 188
5464 114
5465 169
5466 192
5467 185
5468 150
5469 166
5470 195
5471 138
5472 116
5473 183
5474 175
5475 124
5476 115
5477 153
5478 115
5479 157
5480 132
5481 145
5482 137
5483 142
5484 158
5485 159
5486 135
5487 118
5488 182
5489 147
5490 148
5491 163
5492 130
5493 136
5494 193
5495 100
5496 123
5497 152
5498 133
5499 142
5500 150
5501 171
5502 114
5503 196
5504 118
5505 164
5506 170
5507 163
5508 166
5509 177
5510 126
5511 124
5512 153
5513 130
5514 163
5515 114
5516 155
5517 172
5518 142
5519 180
5520 110
5521 153
5522 187
5523 171
5524 134
5525 184
5526 147
5527 126
5528 144
5529 130
5530 121
5531 114
5532 181
5533 162
5534 179
5535 115
5536 106
5537 170
5538 100
5539 173
5540 193
5541 103
5542 110
5543 196
5544 116
5545 131
5546 179
5547 175
5548 122
5549 109
5550 151
5551 143
5552 186
5553 189
5554 171
5555 134
5556 172
5557 141
5558 139
5559 105
5560 139
5561 140
5562 105
5563 110
5564 147
5565 129
5566 187
5567 179
5568 172
5569 177
5570 118
5571 124
5572 186
5573 158
5574 104
5575 138
5576 166
5577 109
5578 182
5579 118
5580 120
5581 147
5582 111
5583 171
5584 136
5585 114
5586 124
5587 174
5588 129
5589 168
5590 103
5591 125
5592 178
5593 128
5594 184
5595 152
5596 109
5597 101
5598 158
5599 155
5600 153
5601 125
5602 134
5603 107
5604 157
5605 101
5606 167
5607 104
5608 108
5609 142
5610 145
5611 184
5612 126
5613 128
5614 148
5615 195
5616 148
5617 144
5618 171
5619 110
5620 141
5621 175
5622 168
5623 186
5624 178
5625 140
5626 189
5627 131
5628 144
5629 184
5630 179
5631 133
5632 195
5633 191
5634 130
5635 168
5636 124
5637 136
5638 158
5639 159
5640 110
5641 173
5642 158
5643 180
5644 155
5645 159
5646 181
5647 111
5648 103
5649 190
5650 108
5651 152
5652 136
5653 197
5654 199
5655 182
5656 161
5657 140
5658 189
5659 175
5660 112
5661 117
5662 182
5663 100
5664 151
5665 187
5666 196
5667 162
5668 120
5669 154
5670 138
5671 127
5672 121
5673 197
5674 199
5675 108
5676 194
5677 132
5678 149
5679 113
5680 126
5681 121
5682 109
5683 122
5684 110
5685 198
5686 162
5687 109
5688 140
5689 151
5690 119
5691 157
5692 166
5693 156
5694 131
5695 122
5696 191
5697 185
5698 191
5699 137
5700 125
5701 199
5702 101
5703 164
5704 120
5705 161
5706 127
5707 139
5708 165
5709 170
5710 175
5711 147
5712 168
5713 149
5714 143
5715 195
5716 115
5717 197
5718 115
5719 108
5720 131
5721 127
5722 140
5723 114
5724 172
5725 182
5726 152
5727 165
5728 148
5729 166
5730 133
5731 138
5732 122
5733 153
5734 123
5735 155
5736 194
5737 195
5738 100
5739 192
5740 117
5741 196
5742 149
5743 185
5744 111
5745 140
5746 130
5747 171
5748 187
5749 119
5750 122
5751 114
5752 189
5753 140
5754 117
5755 101
5756 165
5757 134
5758 175
5759 137
5760 183
5761 190
5762 112
5763 144
5764 181
5765 155
5766 142
5767 135
5768 130
5769 170
5770 116
5771 151
5772 139
5773 130
5774 134
5775 133
5776 194
5777 154
5778 110
5779 170
5780 182
5781 175
5782 195
5783 148
5784 165
5785 104
5786 128
5787 165
5788 122
5789 170
5790 107
5791 148
5792 179
5793 103
5794 121
5795 119
5796 166
5797 138
5798 160
5799 140
5800 141
5801 176
5802 189
5803 103
5804 196
5805 111
5806 105
5807 159
5808 172
5809 100
5810 149
5811 146
5812 154
5813 161
5814 159
5815 128
5816 196
5817 112
5818 190
5819 148
5820 162
5821 146
5822 129
5823 110
5824 154
5825 154
5826 126
5827 196
5828 169
5829 192
5830 172
5831 175
5832 114
5833 127
5834 132
5835 198
5836 195
5837 141
5838 104
5839 144
5840 190
5841 129
5842 157
5843 138
5844 146
5845 188
5846 141
5847 197
5848 112
5849 105
5850 122
5851 108
5852 179
5853 126
5854 117
5855 146
5856 109
5857 146
5858 146
5859 185
5860 162
5861 161
5862 116
5863 113
5864 183
5865 191
5866 184
5867 142
5868 176
5869 155
5870 127
5871 163
5872 192
5873 140
5874 143
5875 135
5876 110
5877 131
5878 187
5879 188
5880 175
5881 168
5882 118
5883 176
5884 184
5885 117
5886 188
5887 133
5888 189
5889 110
5890 173
5891 102
5892 189
5893 146
5894 156
5895 118
5896 128
5897 148
5898 151
5899 107
5900 119
5901 121
5902 132
5903 189
5904 148
5905 121
5906 188
5907 170
5908 153
5909 107
5910 102
5911 108
5912 138
5913 145
5914 159
5915 123
5916 189
5917 127
5918 172
5919 171
5920 178
5921 104
5922 101
5923 130
5924 164
5925 156
5926 179
5927 193
5928 194
5929 165
5930 171
5931 168
5932 192
5933 156
5934 170
5935 119
5936 111
5937 107
5938 142
5939 143
5940 107
5941 179
5942 113
5943 149
5944 130
5945 180
5946 142
5947 169
5948 105
5949 144
5950 111
5951 170
5952 114
5953 139
5954 194
5955 194
5956 109
5957 165
5958 126
5959 150
5960 147
5961 108
5962 112
5963 168
5964 105
5965 175
5966 150
5967 131
5968 191
5969 169
5970 153
5971 162
5972 124
5973 181
5974 163
5975 119
5976 167
5977 188
5978 135
5979 103
5980 168
5981 151
5982 175
5983 168
5984 133
5985 122
5986 171
5987 177
5988 112
5989 105
5990 146
5991 111
5992 140
5993 164
5994 189
5995 104
5996 108
5997 159
5998 120
5999 160
6000 166
6001 123
6002 116
6003 111
6004 195
6005 170
6006 125
6007 105
6008 189
6009 148
6010 159
6011 135
6012 192
6013 155
6014 114
6015 173
6016 137
6017 138
6018 119
6019 141
6020 104
6021 177
6022 168
6023 124
6024 113
6025 105
6026 106
6027 144
6028 197
6029 154
6030 174
6031 102
6032 106
6033 169
6034 144
6035 148
6036 197
6037 105
6038 140
6039 158
6040 119
6041 116
6042 195
6043 171
6044 141
6045 144
6046 128
6047 128
6048 179
6049 142
6050 131
6051 193
6052 174
6053 196
6054 114
6055 119
6056 118
6057 160
6058 126
6059 159
6060 157
6061 190
6062 191
6063 144
6064 132
6065 150
6066 172
6067 124
6068 161
6069 146
6070 186
6071 101
6072 150
6073 173
6074 112
6075 116
6076 138
6077 175
6078 162
6079 100
6080 189
6081 187
6082 163
6083 163
6084 195
6085 152
6086 115
6087 172
6088 167
6089 127
6090 165
6091 191
6092 127
6093 126
6094 187
6095 115
6096 190
6097 139
6098 179
6099 123
6100 169
6101 184
6102 165
6103 166
6104 153
6105 188
6106 126
6107 197
6108 183
6109 179
6110 129
6111 102
6112 109
6113 169
6114 129
6115 107
6116 186
6117 100
6118 174
6119 110
6120 101
6121 197
6122 108
6123 140
6124 184
6125 124
6126 109
6127 169
6128 162
6129 152
6130 139
6131 135
6132 171
6133 191
6134 122
6135 151
6136 118
6137 116
6138 178
6139 112
6140 109
6141 195
6142 157
6143 128
6144 165
6145 108
6146 108
6147 148
6148 192
6149 173
6150 136
6151 125
6152 195
6153 114
6154 155
6155 175
6156 160
6157 140
6158 134
6159 183
6160 188
6161 184
6162 195
6163 149
6164 134
6165 199
6166 181
6167 109
6168 107
6169 111
6170 144
6171 111
6172 158
6173 128
6174 159
6175 122
6176 154
6177 138
6178 182
6179 122
6180 191
6181 126
6182 197
6183 130
6184 175
6185 155
6186 188
6187 172
6188 182
6189 149
6190 109
6191 191
6192 128
6193 168
6194 161
6195 174
6196 108
6197 100
6198 115
6199 154
6200 148
6201 170
6202 161
6203 189
6204 181
6205 135
6206 130
6207 170
6208 164
6209 138
6210 101
6211 168
6212 131
6213 196
6214 127
6215 125
6216 168
6217 130
6218 166
6219 181
6220 131
6221 189
6222 110
6223 133
6224 135
6225 163
6226 142
6227 179
6228 124
6229 174
6230 132
6231 196
6232 139
6233 102
6234 187
6235 120
6236 164
6237 128
6238 170
6239 113
6240 116
6241 178
6242 165
6243 131
6244 182
6245 194
6246 128
6247 197
6248 178
6249 118
6250 140
6251 108
6252 137
6253 132
6254 122
6255 138
6256 163
6257 168
6258 189
6259 167
6260 113
6261 141
6262 193
6263 104
6264 185
6265 119
6266 179
6267 199
6268 181
6269 112
6270 130
6271 190
6272 130
6273 192
6274 142
6275 195
6276 122
6277 118
6278 105
6279 143
6280 180
6281 121
6282 101
6283 134
6284 187
6285 179
6286 152
6287 124
6288 194
6289 154
6290 168
6291 167
6292 152
6293 139
6294 151
6295 190
6296 164
6297 156
6298 104
6299 125
6300 169
6301 141
6302 182
6303 107
6304 116
6305 178
6306 101
6307 138
6308 141
6309 196
6310 175
6311 116
6312 147
6313 140
6314 146
6315 149
6316 167
6317 184
6318 164
6319 128
6320 197
6321 128
6322 167
6323 152
6324 130
6325 125
6326 118
6327 116
6328 104
6329 110
6330 162
6331 195
6332 129
6333 101
6334 118
6335 121
6336 191
6337 125
6338 175
6339 115
6340 179
6341 145
6342 192
6343 195
6344 193
6345 187
6346 171
6347 115
6348 126
6349 195
6350 132
6351 159
6352 101
6353 119
6354 114
6355 187
6356 148
6357 100
6358 153
6359 131
6360 100
6361 112
6362 149
6363 134
6364 153
6365 123
6366 169
6367 163
6368 126
6369 155
6370 150
6371 165
6372 179
6373 165
6374 100
6375 190
6376 152
6377 108
6378 191
6379 157
6380 163
6381 128
6382 131
6383 179
6384 104
6385 189
6386 130
6387 193
6388 139
6389 165
6390 179
6391 131
6392 149
6393 114
6394 134
6395 143
6396 177
6397 107
6398 153
6399 175
6400 103
6401 104
6402 176
6403 144
6404 171
6405 153
6406 112
6407 155
6408 172
6409 144
6410 180
6411 173
6412 141
6413 162
6414 143
6415 103
6416 101
6417 171
6418 102
6419 146
6420 107
6421 197
6422 124
6423 144
6424 107
6425 115
6426 167
6427 178
6428 152
6429 190
6430 149
6431 179
6432 118
6433 116
6434 105
6435 177
6436 180
6437 139
6438 110
6439 143
6440 140
6441 108
6442 146
6443 173
6444 128
6445 160
6446 188
6447 131
6448 139
6449 128
6450 186
6451 195
6452 104
6453 150
6454 185
6455 139
6456 178
6457 194
6458 109
6459 145
6460 152
6461 124
6462 188
6463 165
6464 188
6465 170
6466 149
6467 145
6468 157
6469 157
6470 178
6471 174
6472 131
6473 191
6474 119
6475 143
6476 158
6477 116
6478 191
6479 198
6480 193
6481 139
6482 127
6483 103
6484 122
6485 180
6486 116
6487 160
6488 124
6489 186
6490 189
6491 129
6492 194
6493 185
6494 179
6495 110
6496 199
6497 126
6498 176
6499 189
6500 138
6501 127
6502 147
6503 132
6504 177
6505 192
6506 169
6507 131
6508 121
6509 121
6510 158
6511 158
6512 176
6513 116
6514 113
6515 121
6516 110
6517 102
6518 149
6519 189
6520 101
6521 169
6522 182
6523 146
6524 193
6525 107
6526 155
6527 117
6528 173
6529 102
6530 113
6531 143
6532 126
6533 175
6534 183
6535 190
6536 170
6537 174
6538 155
6539 161
6540 176
6541 166
6542 189
6543 181
6544 166
6545 134
6546 146
6547 181
6548 127
6549 163
6550 130
6551 129
6552 116
6553 185
6554 118
6555 115
6556 140
6557 139
6558 143
6559 183
6560 155
6561 172
6562 187
6563 188
6564 198
6565 172
6566 179
6567 159
6568 184
6569 144
6570 188
6571 173
6572 193
6573 156
6574 113
6575 186
6576 157
6577 194
6578 147
6579 110
6580 104
6581 148
6582 186
6583 112
6584 119
6585 182
6586 114
6587 158
6588 196
6589 132
6590 161
6591 187
6592 136
6593 189
6594 190
6595 138
6596 140
6597 196
6598 192
6599 153
6600 119
6601 157
6602 125
6603 181
6604 111
6605 161
6606 143
6607 193
6608 143
6609 112
6610 173
6611 184
6612 142
6613 102
6614 114
6615 136
6616 108
6617 179
6618 125
6619 130
6620 128
6621 141
6622 141
6623 111
6624 190
6625 132
6626 161
6627 144
6628 100
6629 123
6630 190
6631 194
6632 181
6633 145
6634 192
6635 166
6636 132
6637 184
6638 166
6639 104
6640 122
6641 128
6642 174
6643 187
6644 134
6645 184
6646 199
6647 127
6648 168
6649 162
6650 130
6651 168
6652 151
6653 165
6654 174
6655 175
6656 142
6657 186
6658 103
6659 126
6660 175
6661 141
6662 132
6663 130
6664 174
6665 178
6666 121
6667 187
6668 133
6669 157
6670 146
6671 103
6672 122
6673 143
6674 163
6675 114
6676 108
6677 148
6678 149
6679 118
6680 130
6681 102
6682 134
6683 161
6684 111
6685 101
6686 183
6687 110
6688 164
6689 135
6690 115
6691 130
6692 116
6693 193
6694 172
6695 185
6696 127
6697 137
6698 126
6699 119
6700 102
6701 163
6702 162
6703 187
6704 159
6705 182
6706 118
6707 183
6708 195
6709 139
6710 169
6711 165
6712 158
6713 195
6714 104
6715 158
6716 184
6717 128
6718 116
6719 143
6720 186
6721 189
6722 159
6723 109
6724 161
6725 135
6726 183
6727 129
6728 141
6729 125
6730 187
6731 114
6732 108
6733 179
6734 166
6735 118
6736 114
6737 177
6738 107
6739 185
6740 128
6741 124
6742 142
6743 178
6744 158
6745 129
6746 118
6747 191
6748 100
6749 116
6750 175
6751 116
6752 141
6753 131
6754 146
6755 133
6756 191
6757 131
6758 114
6759 176
6760 162
6761 191
6762 178
6763 194
6764 183
6765 153
6766 167
6767 104
6768 139
6769 182
6770 136
6771 150
6772 162
6773 142
6774 150
6775 181
6776 114
6777 182
6778 152
6779 122
6780 197
6781 161
6782 155
6783 128
6784 132
6785 195
6786 147
6787 116
6788 118
6789 165
6790 166
6791 109
6792 178
6793 193
6794 103
6795 158
6796 140
6797 191
6798 139
6799 100
6800 184
6801 106
6802 124
6803 140
6804 113
6805 183
6806 113
6807 100
6808 150
6809 135
6810 185
6811 123
6812 199
6813 138
6814 117
6815 199
6816 122
6817 157
6818 129
6819 175
6820 186
6821 183
6822 194
6823 123
6824 144
6825 171
6826 170
6827 126
6828 111
6829 186
6830 158
6831 139
6832 157
6833 178
6834 104
6835 173
6836 137
6837 187
6838 156
6839 170
6840 114
6841 115
6842 125
6843 176
6844 111
6845 192
6846 191
6847 160
6848 154
6849 169
6850 120
6851 113
6852 107
6853 153
6854 137
6855 100
6856 130
6857 156
6858 182
6859 196
6860 109
6861 158
6862 158
6863 182
6864 195
6865 132
6866 146
6867 163
6868 117
6869 176
6870 193
6871 169
6872 190
6873 163
6874 171
6875 195
6876 153
6877 138
6878 187
6879 176
6880 190
6881 199
6882 197
6883 123
6884 116
6885 160
6886 169
6887 107
6888 193
6889 100
6890 152
6891 137
6892 120
6893 128
6894 117
6895 103
6896 176
6897 116
6898 109
6899 192
6900 187
6901 199
6902 152
6903 182
6904 134
6905 130
6906 193
6907 179
6908 104
6909 100
6910 151
6911 177
6912 178
6913 112
6914 194
6915 123
6916 159
6917 117
6918 177
6919 115
6920 176
6921 130
6922 155
6923 199
6924 114
6925 113
6926 165
6927 185
6928 145
6929 132
6930 114
6931 101
6932 178
6933 118
6934 107
6935 181
6936 132
6937 190
6938 133
6939 190
6940 183
6941 168
6942 132
6943 132
6944 147
6945 161
6946 143
6947 109
6948 193
6949 104
6950 165
6951 152
6952 130
6953 128
6954 188
6955 152
6956 185
6957 146
6958 118
6959 153
6960 165
6961 197
6962 144
6963 113
6964 185
6965 100
6966 148
6967 138
6968 187
6969 184
6970 142
6971 147
6972 151
6973 181
6974 179
6975 138
6976 121
6977 121
6978 133
6979 139
6980 124
6981 138
6982 181
6983 168
6984 164
6985 137
6986 167
6987 149
6988 113
6989 123
6990 139
6991 129
6992 106
6993 125
6994 167
6995 173
6996 164
6997 154
6998 168
6999 160
7000 132
7001 191
7002 132
7003 158
7004 131
7005 134
7006 164
7007 134
7008 161
7009 129
7010 102
7011 142
7012 163
7013 153
7014 170
7015 140
7016 117
7017 192
7018 147
7019 114
7020 156
7021 173
7022 119
7023 106
7024 140
7025 147
7026 190
7027 123
7028 151
7029 174
7030 183
7031 147
7032 162
7033 115
7034 161
7035 167
7036 168
7037 115
7038 125
7039 144
7040 132
7041 161
7042 143
7043 143
7044 108
7045 125
7046 151
7047 188
7048 157
7049 174
7050 163
7051 154
7052 161
7053 155
7054 190
7055 155
7056 173
7057 137
7058 130
7059 191
7060 106
7061 124
7062 168
7063 178
7064 196
7065 107
7066 133
7067 129
7068 197
7069 157
7070 144
7071 143
7072 199
7073 135
7074 146
7075 127
7076 152
7077 104
7078 121
7079 127
7080 102
7081 189
7082 198
7083 199
7084 105
7085 176
7086 154
7087 153
7088 103
7089 181
7090 115
7091 111
7092 189
7093 133
7094 123
7095 120
7096 165
7097 107
7098 135
7099 114
7100 151
7101 128
7102 137
7103 147
7104 135
7105 127
7106 159
7107 116
7108 114
7109 183
7110 182
7111 137
7112 169
7113 175
7114 181
7115 164
7116 155
7117 140
7118 147
7119 136
7120 194
7121 163
7122 108
7123 170
7124 146
7125 128
7126 166
7127 165
7128 119
7129 110
7130 189
7131 128
7132 181
7133 136
7134 178
7135 133
7136 172
7137 128
7138 174
7139 179
7140 101
7141 184
7142 197
7143 159
7144 151
7145 134
7146 197
7147 135
7148 163
7149 117
7150 121
7151 177
7152 186
7153 171
7154 160
7155 176
7156 135
7157 181
7158 146
7159 187
7160 163
7161 159
7162 135
7163 168
7164 114
7165 163
7166 148
7167 173
7168 164
7169 110
7170 140
7171 160
7172 184
7173 176
7174 160
7175 122
7176 109
7177 182
7178 141
7179 185
7180 172
7181 139
7182 152
7183 193
7184 119
7185 139
7186 177
7187 151
7188 170
7189 192
7190 183
7191 128
7192 122
7193 165
7194 134
7195 192
7196 124
7197 122
7198 104
7199 106
7200 177
7201 133
7202 101
7203 139
7204 111
7205 111
7206 109
7207 185
7208 100
7209 132
7210 178
7211 112
7212 163
7213 123
7214 175
7215 168
7216 191
7217 106
7218 130
7219 151
7220 191
7221 184
7222 135
7223 109
7224 120
7225 147
7226 105
7227 125
7228 135
7229 141
7230 174
7231 130
7232 110
7233 163
7234 157
7235 109
7236 137
7237 192
7238 146
7239 113
7240 120
7241 103
7242 140
7243 199
7244 110
7245 111
7246 145
7247 113
7248 136
7249 103
7250 171
7251 109
7252 157
7253 135
7254 189
7255 164
7256 197
7257 101
7258 174
7259 183
7260 147
7261 174
7262 184
7263 110
7264 133
7265 123
7266 151
7267 188
7268 181
7269 161
7270 192
7271 175
7272 184
7273 141
7274 144
7275 104
7276 178
7277 149
7278 118
7279 139
7280 128
7281 164
7282 187
7283 109
7284 168
7285 129
7286 171
7287 100
7288 140
7289 192
7290 160
7291 119
7292 190
7293 130
7294 198
7295 129
7296 157
7297 167
7298 183
7299 146
7300 112
7301 113
7302 168
7303 161
7304 118
7305 184
7306 136
7307 173
7308 129
7309 176
7310 160
7311 164
7312 111
7313 163
7314 175
7315 175
7316 112
7317 132
7318 194
7319 180
7320 146
7321 174
7322 176
7323 107
7324 196
7325 133
7326 195
7327 148
7328 124
7329 178
7330 144
7331 165
7332 151
7333 135
7334 194
7335 136
7336 186
7337 136
7338 158
7339 179
7340 165
7341 147
7342 186
7343 140
7344 156
7345 174
7346 139
7347 190
7348 129
7349 196
7350 117
7351 136
7352 108
7353 128
7354 168
7355 134
7356 101
7357 107
7358 163
7359 199
7360 126
7361 195
7362 184
7363 119
7364 107
7365 175
7366 117
7367 108
7368 137
7369 174
7370 143
7371 182
7372 191
7373 180
7374 114
7375 107
7376 135
7377 160
7378 117
7379 145
7380 111
7381 184
7382 141
7383 103
7384 122
7385 133
7386 161
7387 129
7388 175
7389 181
7390 120
7391 101
7392 142
7393 157
7394 193
7395 182
7396 137
7397 123
7398 165
7399 127
7400 176
7401 178
7402 133
7403 119
7404 103
7405 126
7406 148
7407 174
7408 128
7409 182
7410 129
7411 105
7412 123
7413 121
7414 117
7415 176
7416 129
7417 159
7418 149
7419 117
7420 170
7421 126
7422 162
7423 100
7424 112
7425 181
7426 114
7427 158
7428 123
7429 137
7430 128
7431 106
7432 165
7433 186
7434 122
7435 117
7436 101
7437 165
7438 194
7439 118
7440 156
7441 137
7442 154
7443 103
7444 142
7445 177
7446 193
7447 100
7448 169
7449 184
7450 193
7451 188
7452 197
7453 111
7454 135
7455 138
7456 123
7457 159
7458 186
7459 139
7460 181
7461 171
7462 153
7463 172
7464 147
7465 175
7466 124
7467 132
7468 131
7469 124
7470 188
7471 116
7472 127
7473 118
7474 128
7475 160
7476 133
7477 160
7478 178
7479 174
7480 170
7481 135
7482 158
7483 100
7484 125
7485 186
7486 131
7487 141
7488 129
7489 182
7490 199
7491 187
7492 198
7493 147
7494 180
7495 133
7496 189
7497 167
7498 169
7499 108
7500 147
7501 128
7502 155
7503 198
7504 125
7505 101
7506 168
7507 131
7508 142
7509 153
7510 128
7511 192
7512 161
7513 158
7514 168
7515 109
7516 112
7517 190
7518 107
7519 137
7520 191
7521 190
7522 185
7523 140
7524 183
7525 143
7526 189
7527 181
7528 161
7529 155
7530 117
7531 171
7532 198
7533 167
7534 199
7535 124
7536 108
7537 159
7538 125
7539 170
7540 114
7541 158
7542 167
7543 196
7544 101
7545 111
7546 183
7547 111
7548 155
7549 189
7550 136
7551 195
7552 146
7553 145
7554 130
7555 143
7556 154
7557 106
7558 181
7559 108
7560 130
7561 163
7562 106
7563 135
7564 144
7565 193
7566 104
7567 190
7568 137
7569 193
7570 155
7571 128
7572 142
7573 175
7574 125
7575 169
7576 147
7577 177
7578 109
7579 125
7580 161
7581 127
7582 175
7583 194
7584 197
7585 130
7586 110
7587 107
7588 145
7589 193
7590 180
7591 160
7592 187
7593 123
7594 118
7595 146
7596 193
7597 141
7598 175
7599 156
7600 137
7601 198
7602 119
7603 170
7604 132
7605 110
7606 102
7607 136
7608 134
7609 115
7610 128
7611 190
7612 156
7613 115
7614 165
7615 113
7616 131
7617 174
7618 155
7619 189
7620 137
7621 135
7622 160
7623 105
7624 191
7625 183
7626 174
7627 143
7628 167
7629 174
7630 193
7631 197
7632 169
7633 148
7634 111
7635 122
7636 102
7637 191
7638 159
7639 107
7640 188
7641 117
7642 154
7643 191
7644 105
7645 137
7646 150
7647 146
7648 161
7649 198
7650 135
7651 199
7652 115
7653 125
7654 100
7655 131
7656 144
7657 133
7658 150
7659 144
7660 191
7661 154
7662 101
7663 187
7664 137
7665 108
7666 105
7667 137
7668 104
7669 132
7670 136
7671 130
7672 163
7673 112
7674 111
7675 108
7676 168
7677 182
7678 122
7679 143
7680 191
7681 193
7682 171
7683 132
7684 152
7685 137
7686 159
7687 171
7688 191
7689 166
7690 123
7691 162
7692 102
7693 139
7694 111
7695 197
7696 120
7697 168
7698 130
7699 190
7700 160
7701 199
7702 187
7703 183
7704 199
7705 175
7706 145
7707 194
7708 173
7709 105
7710 198
7711 180
7712 111
7713 116
7714 175
7715 125
7716 119
7717 161
7718 181
7719 146
7720 138
7721 151
7722 137
7723 141
7724 194
7725 102
7726 141
7727 126
7728 123
7729 107
7730 171
7731 100
7732 143
7733 123
7734 153
7735 175
7736 109
7737 173
7738 148
7739 176
7740 119
7741 111
7742 112
7743 143
7744 111
7745 114
7746 110
7747 139
7748 111
7749 170
7750 121
7751 141
7752 107
7753 146
7754 199
7755 119
7756 178
7757 178
7758 171
7759 155
7760 156
7761 179
7762 190
7763 171
7764 164
7765 116
7766 144
7767 190
7768 189
7769 134
7770 121
7771 177
7772 100
7773 157
7774 137
7775 153
7776 126
7777 175
7778 177
7779 162
7780 111
7781 107
7782 101
7783 101
7784 105
7785 120
7786 196
7787 117
7788 170
7789 134
7790 131
7791 125
7792 143
7793 123
7794 183
7795 162
7796 195
7797 132
7798 160
7799 140
7800 155
7801 137
7802 149
7803 170
7804 161
7805 194
7806 134
7807 197
7808 197
7809 101
7810 131
7811 147
7812 168
7813 104
7814 184
7815 153
7816 120
7817 117
7818 140
7819 153
7820 110
7821 167
7822 106
7823 142
7824 147
7825 103
7826 145
7827 182
7828 117
7829 140
7830 128
7831 154
7832 103
7833 130
7834 110
7835 149
7836 168
7837 119
7838 122
7839 105
7840 172
7841 104
7842 113
7843 165
7844 107
7845 116
7846 178
7847 154
7848 151
7849 129
7850 132
7851 177
7852 194
7853 121
7854 172
7855 103
7856 124
7857 164
7858 179
7859 108
7860 182
7861 124
7862 172
7863 185
7864 192
7865 177
7866 105
7867 136
7868 115
7869 161
7870 174
7871 132
7872 114
7873 136
7874 115
7875 187
7876 162
7877 192
7878 167
7879 163
7880 148
7881 103
7882 161
7883 136
7884 142
7885 137
7886 154
7887 151
7888 107
7889 123
7890 114
7891 132
7892 117
7893 117
7894 196
7895 148
7896 160
7897 119
7898 115
7899 101
7900 147
7901 188
7902 140
7903 178
7904 149
7905 131
7906 167
7907 191
7908 131
7909 158
7910 159
7911 140
7912 193
7913 173
7914 121
7915 162
7916 187
7917 118
7918 114
7919 155
7920 105
7921 177
7922 159
7923 127
7924 138
7925 144
7926 106
7927 176
7928 155
7929 170
7930 181
7931 115
7932 110
7933 142
7934 192
7935 131
7936 129
7937 186
7938 150
7939 194
7940 160
7941 136
7942 166
7943 163
7944 191
7945 115
7946 152
7947 182
7948 187
7949 133
7950 153
7951 111
7952 138
7953 144
7954 175
7955 143
7956 199
7957 107
7958 149
7959 108
7960 197
7961 135
7962 109
7963 124
7964 133
7965 195
7966 197
7967 128
7968 127
7969 152
7970 130
7971 108
7972 150
7973 181
7974 108
7975 185
7976 199
7977 124
7978 110
7979 163
7980 162
7981 130
7982 153
7983 172
7984 184
7985 120
7986 175
7987 125
7988 157
7989 183
7990 174
7991 199
7992 165
7993 155
7994 105
7995 153
7996 122
7997 134
7998 113
7999 151
8000 150
8001 166
8002 124
8003 123
8004 190
8005 149
8006 140
8007 195
8008 171
8009 124
8010 160
8011 166
8012 163
8013 186
8014 128
8015 103
8016 168
8017 166
8018 151
8019 158
8020 173
8021 151
8022 128
8023 152
8024 106
8025 167
8026 124
8027 125
8028 192
8029 169
8030 112
8031 140
8032 186
8033 194
8034 185
8035 113
8036 117
8037 181
8038 103
8039 125
8040 131
8041 195
8042 197
8043 142
8044 157
8045 179
8046 117
8047 155
8048 156
8049 122
8050 122
8051 139
8052 126
8053 146
8054 168
8055 179
8056 172
8057 106
8058 158
8059 118
8060 117
8061 167
8062 123
8063 138
8064 168
8065 108
8066 117
8067 168
8068 193
8069 123
8070 105
8071 166
8072 172
8073 127
8074 187
8075 140
8076 142
8077 178
8078 185
8079 175
8080 193
8081 142
8082 106
8083 164
8084 165
8085 133
8086 102
8087 189
8088 178
8089 116
8090 140
8091 137
8092 102
8093 109
8094 106
8095 150
8096 163
8097 183
8098 105
8099 148
8100 115
8101 163
8102 121
8103 118
8104 181
8105 103
8106 133
8107 145
8108 183
8109 170
8110 162
8111 129
8112 152
8113 154
8114 127
8115 156
8116 171
8117 113
8118 155
8119 192
8120 192
8121 195
8122 169
8123 117
8124 190
8125 172
8126 150
8127 143
8128 196
8129 123
8130 188
8131 172
8132 151
8133 195
8134 123
8135 164
8136 182
8137 105
8138 174
8139 146
8140 181
8141 102
8142 199
8143 159
8144 116
8145 149
8146 132
8147 102
8148 160
8149 148
8150 158
8151 140
8152 142
8153 162
8154 177
8155 143
8156 186
8157 140
8158 192
8159 154
8160 184
8161 108
8162 137
8163 116
8164 192
8165 111
8166 131
8167 163
8168 115
8169 139
8170 102
8171 117
8172 158
8173 155
8174 156
8175 161
8176 182
8177 190
8178 144
8179 127
8180 196
8181 111
8182 166
8183 183
8184 152
8185 153
8186 101
8187 109
8188 108
8189 139
8190 165
8191 136
8192 111
8193 170
8194 170
8195 150
8196 139
8197 111
8198 192
8199 176
8200 130
8201 196
8202 100
8203 136
8204 172
8205 135
8206 107
8207 187
8208 190
8209 150
8210 139
8211 186
8212 141
8213 167
8214 193
8215 153
8216 104
8217 134
8218 190
8219 185
8220 162
8221 189
8222 167
8223 124
8224 111
8225 188
8226 194
8227 193
8228 106
8229 150
8230 184
8231 112
8232 114
8233 130
8234 118
8235 118
8236 153
8237 199
8238 175
8239 176
8240 177
8241 175
8242 140
8243 182
8244 122
8245 174
8246 185
8247 179
8248 125
8249 145
8250 140
8251 123
8252 147
8253 193
8254 163
8255 123
8256 194
8257 117
8258 158
8259 196
8260 157
8261 193
8262 139
8263 100
8264 133
8265 160
8266 163
8267 182
8268 174
8269 198
8270 195
8271 104
8272 157
8273 164
8274 148
8275 116
8276 128
8277 105
8278 104
8279 116
8280 192
8281 170
8282 149
8283 182
8284 177
8285 143
8286 102
8287 129
8288 180
8289 135
8290 149
8291 149
8292 162
8293 114
8294 102
8295 187
8296 112
8297 106
8298 117
8299 138
8300 131
8301 148
8302 191
8303 169
8304 125
8305 190
8306 187
8307 148
8308 129
8309 110
8310 145
8311 108
8312 175
8313 127
8314 194
8315 174
8316 136
8317 152
8318 163
8319 163
8320 171
8321 113
8322 199
8323 108
8324 177
8325 104
8326 106
8327 162
8328 129
8329 140
8330 179
8331 198
8332 161
8333 125
8334 193
8335 187
8336 187
8337 128
8338 181
8339 197
8340 122
8341 182
8342 179
8343 174
8344 193
8345 187
8346 142
8347 146
8348 151
8349 116
8350 131
8351 145
8352 141
8353 122
8354 123
8355 160
8356 155
8357 112
8358 175
8359 199
8360 140
8361 166
8362 139
8363 116
8364 183
8365 189
8366 163
8367 126
8368 115
8369 120
8370 154
8371 160
8372 199
8373 168
8374 113
8375 113
8376 198
8377 116
8378 175
8379 175
8380 196
8381 195
8382 189
8383 179
8384 154
8385 149
8386 183
8387 196
8388 178
8389 113
8390 148
8391 134
8392 124
8393 130
8394 166
8395 151
8396 158
8397 127
8398 162
8399 157
8400 123
8401 162
8402 153
8403 152
8404 144
8405 192
8406 186
8407 146
8408 193
8409 144
8410 155
8411 197
8412 116
8413 119
8414 145
8415 173
8416 102
8417 151
8418 175
8419 125
8420 112
8421 192
8422 141
8423 159
8424 162
8425 145
8426 130
8427 152
8428 178
8429 123
8430 129
8431 134
8432 177
8433 115
8434 197
8435 181
8436 152
8437 105
8438 182
8439 168
8440 159
8441 155
8442 194
8443 156
8444 180
8445 127
8446 170
8447 179
8448 179
8449 125
8450 138
8451 100
8452 192
8453 162
8454 117
8455 146
8456 130
8457 145
8458 141
8459 175
8460 183
8461 157
8462 189
8463 197
8464 118
8465 139
8466 156
8467 139
8468 175
8469 168
8470 168
8471 139
8472 121
8473 109
8474 170
8475 179
8476 157
8477 120
8478 180
8479 156
8480 165
8481 111
8482 194
8483 181
8484 128
8485 105
8486 189
8487 195
8488 122
8489 173
8490 122
8491 121
8492 195
8493 124
8494 193
8495 101
8496 123
8497 158
8498 147
8499 118
8500 190
8501 147
8502 164
8503 191
8504 133
8505 178
8506 151
8507 178
8508 115
8509 147
8510 123
8511 167
8512 150
8513 114
8514 112
8515 108
8516 140
8517 132
8518 153
8519 103
8520 103
8521 179
8522 103
8523 194
8524 187
8525 180
8526 171
8527 168
8528 178
8529 145
8530 160
8531 163
8532 196
8533 147
8534 128
8535 164
8536 188
8537 123
8538 153
8539 175
8540 152
8541 113
8542 109
8543 191
8544 170
8545 152
8546 190
8547 118
8548 112
8549 176
8550 138
8551 168
8552 178
8553 152
8554 134
8555 195
8556 168
8557 110
8558 120
8559 169
8560 186
8561 132
8562 107
8563 133
8564 135
8565 157
8566 177
8567 165
8568 151
8569 176
8570 123
8571 152
8572 143
8573 111
8574 149
8575 164
8576 179
8577 131
8578 173
8579 169
8580 176
8581 105
8582 181
8583 102
8584 191
8585 175
8586 132
8587 131
8588 198
8589 130
8590 112
8591 124
8592 198
8593 150
8594 196
8595 199
8596 133
8597 136
8598 123
8599 152
8600 126
8601 168
8602 143
8603 125
8604 116
8605 183
8606 132
8607 148
8608 136
8609 145
8610 184
8611 198
8612 122
8613 163
8614 136
8615 188
8616 147
8617 109
8618 151
8619 154
8620 125
8621 103
8622 126
8623 132
8624 164
8625 185
8626 133
8627 162
8628 173
8629 103
8630 139
8631 148
8632 135
8633 162
8634 160
8635 148
8636 159
8637 199
8638 119
8639 119
8640 124
8641 197
8642 192
8643 107
8644 126
8645 135
8646 195
8647 145
8648 165
8649 192
8650 173
8651 125
8652 154
8653 186
8654 110
8655 125
8656 111
8657 169
8658 147
8659 100
8660 191
8661 177
8662 153
8663 170
8664 132
8665 130
8666 145
8667 136
8668 137
8669 170
8670 166
8671 183
8672 196
8673 150
8674 196
8675 166
8676 111
8677 131
8678 146
8679 130
8680 144
8681 172
8682 127
8683 102
8684 130
8685 101
8686 165
8687 148
8688 154
8689 192
8690 136
8691 132
8692 192
8693 120
8694 158
8695 193
8696 139
8697 138
8698 170
8699 116
8700 154
8701 178
8702 169
8703 123
8704 134
8705 102
8706 138
8707 144
8708 129
8709 108
8710 149
8711 158
8712 168
8713 165
8714 131
8715 149
8716 154
8717 130
8718 150
8719 158
8720 120
8721 133
8722 144
8723 117
8724 100
8725 116
8726 155
8727 133
8728 105
8729 169
8730 119
8731 104
8732 119
8733 137
8734 137
8735 157
8736 146
8737 182
8738 141
8739 168
8740 165
8741 107
8742 139
8743 148
8744 123
8745 130
8746 164
8747 182
8748 122
8749 138
8750 122
8751 159
8752 102
8753 127
8754 162
8755 172
8756 123
8757 177
8758 119
8759 160
8760 193
8761 160
8762 114
8763 102
8764 155
8765 174
8766 187
8767 133
8768 184
8769 175
8770 168
8771 105
8772 176
8773 114
8774 152
8775 101
8776 151
8777 178
8778 157
8779 124
8780 189
8781 116
8782 191
8783 148
8784 143
8785 148
8786 151
8787 114
8788 153
8789 163
8790 189
8791 126
8792 189
8793 177
8794 174
8795 127
8796 122
8797 136
8798 169
8799 147
8800 181
8801 174
8802 115
8803 167
8804 142
8805 155
8806 183
8807 192
8808 117
8809 100
8810 111
8811 196
8812 157
8813 153
8814 105
8815 102
8816 136
8817 123
8818 191
8819 133
8820 182
8821 142
8822 181
8823 134
8824 141
8825 101
8826 194
8827 160
8828 167
8829 128
8830 108
8831 180
8832 121
8833 148
8834 117
8835 143
8836 154
8837 106
8838 157
8839 192
8840 115
8841 123
8842 144
8843 133
8844 189
8845 134
8846 160
8847 175
8848 154
8849 166
8850 157
8851 182
8852 148
8853 161
8854 131
8855 115
8856 114
8857 152
8858 153
8859 120
8860 103
8861 169
8862 178
8863 166
8864 133
8865 146
8866 189
8867 157
8868 118
8869 136
8870 136
8871 121
8872 181
8873 192
8874 153
8875 116
8876 147
8877 155
8878 134
8879 130
8880 108
8881 140
8882 121
8883 101
8884 108
8885 151
8886 161
8887 142
8888 182
8889 123
8890 143
8891 168
8892 110
8893 172
8894 199
8895 185
8896 102
8897 119
8898 187
8899 149
8900 186
8901 170
8902 147
8903 115
8904 151
8905 171
8906 114
8907 140
8908 159
8909 177
8910 144
8911 191
8912 122
8913 147
8914 170
8915 156
8916 128
8917 152
8918 164
8919 164
8920 135
8921 158
8922 127
8923 130
8924 158
8925 159
8926 157
8927 176
8928 117
8929 168
8930 196
8931 182
8932 119
8933 177
8934 133
8935 125
8936 128
8937 176
8938 196
8939 199
8940 104
8941 187
8942 131
8943 123
8944 138
8945 132
8946 163
8947 114
8948 107
8949 168
8950 128
8951 164
8952 113
8953 135
8954 119
8955 148
8956 163
8957 187
8958 154
8959 180
8960 135
8961 122
8962 141
8963 172
8964 166
8965 189
8966 132
8967 139
8968 182
8969 131
8970 109
8971 102
8972 126
8973 105
8974 173
8975 134
8976 151
8977 128
8978 102
8979 132
8980 120
8981 141
8982 168
8983 149
8984 171
8985 193
8986 188
8987 154
8988 159
8989 113
8990 173
8991 105
8992 170
8993 129
8994 126
8995 146
8996 172
8997 135
8998 180
8999 131
9000 173
9001 147
9002 167
9003 108
9004 176
9005 194
9006 113
9007 105
9008 153
9009 110
9010 132
9011 178
9012 190
9013 156
9014 196
9015 152
9016 164
9017 165
9018 192
9019 176
9020 103
9021 172
9022 182
9023 118
9024 118
9025 189
9026 192
9027 127
9028 109
9029 109
9030 137
9031 133
9032 102
9033 125
9034 184
9035 189
9036 172
9037 114
9038 120
9039 143
9040 123
9041 186
9042 165
9043 178
9044 180
9045 163
9046 110
9047 176
9048 152
9049 154
9050 133
9051 155
9052 198
9053 188
9054 151
9055 161
9056 190
9057 197
9058 111
9059 135
9060 137
9061 161
9062 143
9063 130
9064 176
9065 190
9066 195
9067 122
9068 191
9069 187
9070 178
9071 161
9072 125
9073 108
9074 133
9075 181
9076 115
9077 137
9078 109
9079 146
9080 144
9081 121
9082 138
9083 102
9084 147
9085 107
9086 100
9087 192
9088 185
9089 119
9090 192
9091 121
9092 183
9093 106
9094 192
9095 183
9096 117
9097 144
9098 195
9099 196
9100 179
9101 197
9102 187
9103 177
9104 138
9105 106
9106 158
9107 155
9108 128
9109 148
9110 135
9111 198
9112 152
9113 103
9114 163
9115 172
9116 126
9117 156
9118 171
9119 150
9120 177
9121 190
9122 122
9123 127
9124 152
9125 169
9126 138
9127 181
9128 176
9129 146
9130 109
9131 155
9132 195
9133 109
9134 103
9135 150
9136 114
9137 150
9138 155
9139 108
9140 127
9141 165
9142 136
9143 187
9144 181
9145 159
9146 126
9147 164
9148 190
9149 124
9150 123
9151 148
9152 138
9153 139
9154 126
9155 161
9156 155
9157 148
9158 122
9159 105
9160 187
9161 120
9162 189
9163 159
9164 170
9165 114
9166 195
9167 127
9168 154
9169 142
9170 158
9171 129
9172 192
9173 185
9174 158
9175 124
9176 135
9177 132
9178 165
9179 144
9180 195
9181 173
9182 155
9183 188
9184 175
9185 138
9186 155
9187 111
9188 173
9189 101
9190 125
9191 135
9192 137
9193 179
9194 126
9195 171
9196 198
9197 101
9198 128
9199 124
9200 111
9201 116
9202 164
9203 161
9204 197
9205 184
9206 160
9207 135
9208 159
9209 149
9210 113
9211 101
9212 150
9213 167
9214 152
9215 104
9216 197
9217 175
9218 100
9219 172
9220 131
9221 164
9222 142
9223 164
9224 166
9225 189
9226 198
9227 172
9228 148
9229 153
9230 174
9231 132
9232 124
9233 188
9234 113
9235 189
9236 151
9237 192
9238 154
9239 143
9240 193
9241 130
9242 109
9243 118
9244 196
9245 138
9246 157
9247 123
9248 111
9249 153
9250 124
9251 103
9252 113
9253 189
9254 193
9255 149
9256 187
9257 139
9258 139
9259 198
9260 107
9261 167
9262 147
9263 141
9264 172
9265 105
9266 187
9267 168
9268 168
9269 198
9270 169
9271 183
9272 163
9273 139
9274 128
9275 174
9276 103
9277 160
9278 167
9279 162
9280 134
9281 114
9282 131
9283 112
9284 192
9285 108
9286 141
9287 184
9288 140
9289 157
9290 128
9291 103
9292 137
9293 100
9294 159
9295 198
9296 146
9297 142
9298 131
9299 160
9300 168
9301 176
9302 145
9303 133
9304 188
9305 146
9306 136
9307 170
9308 102
9309 165
9310 156
9311 142
9312 137
9313 189
9314 149
9315 158
9316 186
9317 124
9318 155
9319 197
9320 158
9321 130
9322 113
9323 146
9324 171
9325 140
9326 106
9327 182
9328 165
9329 103
9330 109
9331 107
9332 189
9333 137
9334 145
9335 175
9336 118
9337 122
9338 171
9339 178
9340 129
9341 172
9342 119
9343 128
9344 115
9345 171
9346 143
9347 189
9348 141
9349 126
9350 179
9351 172
9352 171
9353 167
9354 149
9355 106
9356 122
9357 103
9358 175
9359 110
9360 194
9361 169
9362 170
9363 122
9364 139
9365 104
9366 197
9367 180
9368 192
9369 157
9370 149
9371 118
9372 108
9373 147
9374 146
9375 194
9376 171
9377 112
9378 150
9379 191
9380 143
9381 124
9382 139
9383 193
9384 127
9385 173
9386 170
9387 120
9388 124
9389 149
9390 183
9391 164
9392 108
9393 148
9394 159
9395 112
9396 160
9397 119
9398 158
9399 118
9400 126
9401 100
9402 196
9403 158
9404 148
9405 184
9406 117
9407 121
9408 143
9409 152
9410 148
9411 176
9412 141
9413 119
9414 172
9415 124
9416 138
9417 161
9418 184
9419 143
9420 192
9421 135
9422 129
9423 148
9424 164
9425 170
9426 130
9427 121
9428 128
9429 165
9430 107
9431 193
9432 125
9433 132
9434 104
9435 138
9436 172
9437 118
9438 126
9439 102
9440 136
9441 163
9442 136
9443 187
9444 116
9445 192
9446 176
9447 100
9448 157
9449 176
9450 185
9451 139
9452 118
9453 181
9454 186
9455 161
9456 110
9457 195
9458 105
9459 198
9460 171
9461 121
9462 155
9463 101
9464 114
9465 153
9466 108
9467 124
9468 165
9469 153
9470 122
9471 195
9472 196
9473 125
9474 148
9475 127
9476 155
9477 113
9478 188
9479 151
9480 173
9481 152
9482 104
9483 194
9484 178
9485 166
9486 102
9487 106
9488 113
9489 147
9490 142
9491 190
9492 112
9493 137
9494 191
9495 119
9496 102
9497 101
9498 199
9499 179
9500 155
9501 124
9502 189
9503 180
9504 199
9505 125
9506 194
9507 120
9508 160
9509 189
9510 190
9511 150
9512 137
9513 194
9514 171
9515 149
9516 173
9517 150
9518 142
9519 114
9520 111
9521 181
9522 140
9523 168
9524 142
9525 138
9526 147
9527 110
9528 168
9529 198
9530 149
9531 169
9532 108
9533 178
9534 135
9535 153
9536 169
9537 181
9538 117
9539 190
9540 185
9541 120
9542 133
9543 185
9544 107
9545 182
9546 115
9547 172
9548 194
9549 121
9550 139
9551 102
9552 198
9553 166
9554 161
9555 161
9556 115
9557 151
9558 182
9559 161
9560 169
9561 115
9562 168
9563 182
9564 160
9565 185
9566 118
9567 146
9568 118
9569 189
9570 183
9571 168
9572 187
9573 196
9574 192
9575 156
9576 125
9577 199
9578 176
9579 139
9580 109
9581 162
9582 186
9583 149
9584 123
9585 195
9586 177
9587 135
9588 166
9589 155
9590 106
9591 141
9592 178
9593 164
9594 189
9595 183
9596 167
9597 167
9598 189
9599 161
9600 115
9601 100
9602 194
9603 126
9604 116
9605 105
9606 144
9607 199
9608 109
9609 192
9610 152
9611 146
9612 179
9613 151
9614 139
9615 199
9616 122
9617 125
9618 153
9619 181
9620 157
9621 160
9622 114
9623 188
9624 142
9625 117
9626 168
9627 190
9628 178
9629 162
9630 170
9631 142
9632 176
9633 118
9634 123
9635 130
9636 116
9637 180
9638 169
9639 132
9640 183
9641 145
9642 167
9643 155
9644 194
9645 180
9646 154
9647 193
9648 172
9649 137
9650 136
9651 137
9652 147
9653 108
9654 152
9655 117
9656 174
9657 149
9658 120
9659 169
9660 140
9661 101
9662 141
9663 163
9664 183
9665 121
9666 176
9667 124
9668 158
9669 155
9670 180
9671 125
9672 123
9673 189
9674 164
9675 149
9676 137
9677 198
9678 146
9679 118
9680 168
9681 121
9682 190
9683 130
9684 188
9685 101
9686 113
9687 157
9688 154
9689 104
9690 172
9691 168
9692 121
9693 121
9694 170
9695 146
9696 124
9697 115
9698 183
9699 138
9700 103
9701 161
9702 174
9703 104
9704 126
9705 130
9706 125
9707 123
9708 178
9709 187
9710 171
9711 190
9712 134
9713 188
9714 137
9715 148
9716 143
9717 153
9718 145
9719 108
9720 172
9721 190
9722 144
9723 158
9724 167
9725 199
9726 157
9727 100
9728 162
9729 102
9730 106
9731 115
9732 179
9733 138
9734 111
9735 166
9736 113
9737 107
9738 112
9739 196
9740 179
9741 156
9742 139
9743 154
9744 144
9745 110
9746 138
9747 132
9748 132
9749 165
9750 194
9751 127
9752 187
9753 195
9754 158
9755 118
9756 170
9757 103
9758 104
9759 190
9760 124
9761 185
9762 177
9763 175
9764 192
9765 176
9766 117
9767 130
9768 153
9769 168
9770 136
9771 153
9772 139
9773 159
9774 144
9775 115
9776 183
9777 176
9778 188
9779 197
9780 104
9781 129
9782 171
9783 138
9784 112
9785 129
9786 164
9787 126
9788 177
9789 186
9790 112
9791 124
9792 120
9793 187
9794 163
9795 189
9796 155
9797 176
9798 110
9799 110
9800 104
9801 178
9802 153
9803 102
9804 158
9805 144
9806 126
9807 190
9808 123
9809 182
9810 147
9811 176
9812 127
9813 156
9814 142
9815 170
9816 122
9817 194
9818 100
9819 193
9820 110
9821 184
9822 103
9823 173
9824 185
9825 104
9826 150
9827 192
9828 149
9829 145
9830 156
9831 112
9832 195
9833 148
9834 178
9835 165
9836 121
9837 123
9838 151
9839 190
9840 126
9841 139
9842 181
9843 186
9844 114
9845 125
9846 142
9847 109
9848 197
9849 176
9850 173
9851 107
9852 123
9853 157
9854 170
9855 111
9856 145
9857 175
9858 157
9859 109
9860 103
9861 106
9862 144
9863 153
9864 119
9865 191
9866 133
9867 193
9868 117
9869 166
9870 128
9871 117
9872 180
9873 115
9874 144
9875 128
9876 164
9877 163
9878 113
9879 193
9880 173
9881 160
9882 162
9883 113
9884 174
9885 144
9886 142
9887 179
9888 108
9889 184
9890 172
9891 120
9892 104
9893 138
9894 189
9895 114
9896 155
9897 103
9898 114
9899 100
9900 175
9901 125
9902 133
9903 100
9904 145
9905 191
9906 175
9907 101
9908 134
9909 146
9910 176
9911 112
9912 136
9913 176
9914 149
9915 112
9916 128
9917 144
9918 185
9919 180
9920 184
9921 182
9922 114
9923 130
9924 127
9925 145
9926 161
9927 107
9928 121
9929 166
9930 181
9931 127
9932 127
9933 178
9934 176
9935 145
9936 138
9937 150
9938 122
9939 148
9940 131
9941 123
9942 115
9943 150
9944 128
9945 166
9946 181
9947 184
9948 183
9949 131
9950 122
9951 192
9952 123
9953 137
9954 124
9955 189
9956 193
9957 139
9958 139
9959 175
9960 143
9961 178
9962 183
9963 133
9964 199
9965 100
9966 182
9967 111
9968 137
9969 189
9970 193
9971 128
9972 137
9973 176
9974 196
9975 142
9976 185
9977 176
9978 142
9979 143
9980 120
9981 180
9982 182
9983 110
9984 186
9985 108
9986 172
9987 111
9988 154
9989 159
9990 186
9991 117
9992 155
9993 111
9994 195
9995 105
9996 124
9997 156
9998 199
9999 120